# relative_time, cycles_done, cur_item, corpus_count, pending_total, pending_favs, map_size, saved_crashes, saved_hangs, max_depth, execs_per_sec, total_execs, edges_found
60, 0, 1, 15, 14, 1, 0.25%, 0, 4, 2, 7.79, 3881, 162
69, 0, 1, 15, 14, 1, 0.25%, 0, 4, 2, 7.72, 3942, 162
74, 0, 1, 15, 14, 1, 0.25%, 0, 5, 2, 302.09, 4283, 162
83, 0, 1, 15, 14, 1, 0.25%, 0, 5, 2, 6.31, 4492, 162
91, 0, 1, 15, 14, 1, 0.25%, 0, 5, 2, 3.21, 4595, 162
100, 0, 1, 15, 14, 1, 0.25%, 0, 5, 2, 2.48, 4827, 162
105, 0, 1, 15, 14, 1, 0.25%, 0, 5, 2, 305.00, 5166, 162
111, 0, 1, 16, 15, 1, 0.25%, 0, 5, 2, 8.74, 5766, 162
119, 0, 1, 16, 15, 1, 0.25%, 0, 5, 2, 8.36, 5812, 162
127, 0, 1, 16, 15, 1, 0.25%, 0, 5, 2, 7.79, 5842, 162
136, 0, 1, 16, 15, 1, 0.25%, 0, 5, 2, 4.43, 6150, 162
141, 0, 1, 16, 15, 1, 0.25%, 0, 5, 2, 301.57, 6504, 162
150, 0, 1, 16, 15, 1, 0.25%, 0, 5, 2, 1.24, 6750, 162
155, 0, 1, 16, 15, 1, 0.25%, 0, 5, 2, 303.24, 7056, 162
164, 0, 1, 16, 15, 1, 0.25%, 0, 5, 2, 1.24, 7200, 162
169, 0, 1, 17, 16, 1, 0.25%, 0, 5, 2, 301.98, 7508, 162
177, 0, 1, 17, 16, 1, 0.25%, 0, 5, 2, 14.29, 7711, 162
186, 0, 1, 17, 16, 1, 0.25%, 0, 6, 2, 2.89, 7856, 162
194, 0, 1, 17, 16, 1, 0.25%, 0, 6, 2, 2.97, 7951, 162
199, 0, 1, 17, 16, 1, 0.25%, 0, 7, 2, 305.00, 8276, 162
204, 0, 1, 17, 16, 1, 0.25%, 0, 7, 2, 302.65, 8635, 162
213, 0, 1, 17, 16, 1, 0.25%, 0, 7, 2, 2.72, 8833, 162
222, 0, 1, 17, 16, 1, 0.25%, 0, 7, 2, 5.24, 9018, 162
230, 0, 1, 17, 16, 1, 0.25%, 0, 7, 2, 2.97, 9175, 162
235, 0, 1, 17, 16, 1, 0.25%, 0, 7, 2, 301.83, 9493, 162
244, 0, 1, 17, 16, 1, 0.25%, 0, 7, 2, 6.17, 9759, 162
249, 0, 1, 17, 16, 1, 0.25%, 0, 7, 2, 7.32, 10111, 162
258, 0, 1, 17, 16, 1, 0.25%, 0, 7, 2, 7.32, 10423, 162
263, 0, 1, 17, 16, 1, 0.25%, 0, 7, 2, 10.14, 10789, 162
269, 0, 1, 17, 16, 1, 0.25%, 0, 7, 2, 5.88, 11131, 162
274, 0, 1, 17, 16, 1, 0.25%, 0, 7, 2, 303.48, 11438, 162
283, 0, 1, 17, 16, 1, 0.25%, 0, 7, 2, 7.18, 11752, 162
288, 0, 1, 17, 16, 1, 0.25%, 0, 7, 2, 8.74, 12109, 162
293, 0, 1, 17, 16, 1, 0.25%, 0, 7, 2, 302.51, 12469, 162
301, 0, 1, 17, 16, 1, 0.25%, 0, 7, 2, 6.10, 12532, 162
310, 0, 1, 17, 16, 1, 0.25%, 0, 7, 2, 14.06, 12781, 162
318, 0, 1, 17, 16, 1, 0.25%, 0, 7, 2, 12.90, 12817, 162
327, 0, 1, 18, 17, 1, 0.25%, 0, 7, 2, 8.69, 13145, 163
336, 0, 1, 18, 17, 1, 0.25%, 0, 7, 2, 14.06, 13466, 163
345, 0, 1, 18, 17, 1, 0.25%, 0, 7, 2, 13.66, 13555, 163
354, 0, 1, 18, 17, 1, 0.25%, 0, 7, 2, 8.97, 13826, 163
359, 0, 1, 19, 18, 1, 0.25%, 0, 7, 2, 300.00, 14162, 163
367, 0, 1, 19, 18, 1, 0.25%, 0, 7, 2, 7.24, 14278, 163
463, 0, 1, 19, 18, 1, 0.25%, 0, 7, 2, 0.01, 14279, 163
478, 0, 1, 19, 18, 1, 0.25%, 0, 7, 2, 0.10, 14327, 163
483, 0, 1, 19, 18, 1, 0.25%, 0, 7, 2, 5.88, 14871, 163
504, 0, 1, 19, 18, 1, 0.25%, 0, 7, 2, 0.06, 14908, 163
512, 0, 1, 19, 18, 1, 0.25%, 0, 7, 2, 8.74, 15171, 163
521, 0, 1, 19, 18, 1, 0.25%, 0, 7, 2, 0.50, 15275, 163
529, 0, 1, 19, 18, 1, 0.25%, 0, 7, 2, 12.98, 15408, 163
534, 0, 1, 19, 18, 1, 0.25%, 0, 7, 2, 309.67, 15729, 163
539, 0, 1, 19, 18, 1, 0.25%, 0, 7, 2, 306.38, 16035, 163
548, 0, 1, 19, 18, 1, 0.25%, 0, 7, 2, 12.56, 16118, 163
556, 0, 1, 19, 18, 1, 0.25%, 0, 7, 2, 12.40, 16211, 163
565, 0, 1, 19, 18, 1, 0.25%, 0, 7, 2, 15.65, 16527, 163
574, 0, 1, 19, 18, 1, 0.25%, 0, 7, 2, 8.50, 16840, 163
583, 0, 1, 19, 18, 1, 0.25%, 0, 8, 2, 5.64, 17163, 163
591, 0, 1, 19, 18, 1, 0.25%, 0, 8, 2, 2.78, 17250, 163
600, 0, 1, 19, 18, 1, 0.25%, 0, 8, 2, 9.91, 17403, 163
608, 0, 1, 19, 18, 1, 0.25%, 0, 8, 2, 9.69, 17471, 163
617, 0, 1, 19, 18, 1, 0.25%, 0, 8, 2, 1.49, 17655, 163
622, 0, 1, 19, 18, 1, 0.25%, 0, 8, 2, 298.89, 17980, 163
631, 0, 1, 19, 18, 1, 0.25%, 0, 8, 2, 10.39, 18230, 163
639, 0, 1, 19, 18, 1, 0.25%, 0, 8, 2, 1.26, 18301, 163
647, 0, 1, 19, 18, 1, 0.25%, 0, 8, 2, 1.74, 18405, 163
652, 0, 1, 19, 18, 1, 0.25%, 0, 8, 2, 301.88, 18759, 163
661, 0, 1, 19, 18, 1, 0.25%, 0, 8, 2, 9.91, 18827, 163
669, 0, 1, 19, 18, 1, 0.25%, 0, 8, 2, 8.50, 18951, 163
674, 0, 1, 19, 18, 1, 0.25%, 0, 8, 2, 298.90, 19265, 163
683, 0, 1, 19, 18, 1, 0.25%, 0, 8, 2, 14.28, 19555, 163
692, 0, 1, 19, 18, 1, 0.25%, 0, 8, 2, 6.12, 19800, 163
701, 0, 1, 19, 18, 1, 0.25%, 0, 8, 2, 7.31, 20035, 163
706, 0, 1, 19, 18, 1, 0.25%, 0, 8, 2, 303.41, 20373, 163
711, 0, 1, 19, 18, 1, 0.25%, 0, 8, 2, 10.14, 20739, 163
719, 0, 1, 19, 18, 1, 0.25%, 0, 8, 2, 4.43, 20889, 163
728, 0, 1, 19, 18, 1, 0.25%, 0, 8, 2, 2.48, 21035, 163
738, 0, 1, 19, 18, 1, 0.25%, 0, 8, 2, 0.75, 21627, 163
746, 0, 1, 19, 18, 1, 0.25%, 0, 8, 2, 2.97, 21771, 163
755, 0, 1, 19, 18, 1, 0.25%, 0, 8, 2, 4.43, 22041, 163
760, 0, 1, 20, 19, 1, 0.25%, 0, 8, 2, 12.92, 22348, 163
769, 0, 1, 20, 19, 1, 0.25%, 0, 8, 2, 1.24, 22593, 163
777, 0, 1, 20, 19, 1, 0.25%, 0, 8, 2, 7.79, 22692, 163
786, 0, 1, 21, 20, 1, 0.25%, 0, 8, 2, 11.30, 22997, 163
792, 0, 1, 21, 20, 1, 0.25%, 0, 8, 2, 301.98, 23346, 163
800, 0, 1, 21, 20, 1, 0.25%, 0, 8, 2, 3.47, 23469, 163
809, 0, 1, 21, 20, 1, 0.25%, 0, 8, 2, 13.87, 23742, 163
818, 0, 1, 21, 20, 1, 0.25%, 0, 8, 2, 2.97, 23987, 163
823, 0, 1, 21, 20, 1, 0.25%, 0, 8, 2, 302.05, 24299, 163
831, 0, 1, 21, 20, 1, 0.25%, 0, 8, 2, 12.83, 24460, 163
840, 0, 1, 21, 20, 1, 0.25%, 0, 8, 2, 9.92, 24695, 163
845, 0, 1, 21, 20, 1, 0.25%, 0, 8, 2, 303.41, 25031, 163
850, 0, 1, 22, 21, 1, 0.25%, 0, 8, 2, 302.12, 25350, 163
855, 0, 1, 22, 21, 1, 0.25%, 0, 8, 2, 8.73, 25704, 163
864, 0, 1, 22, 21, 1, 0.25%, 0, 8, 2, 10.60, 25816, 163
873, 0, 1, 22, 21, 1, 0.25%, 0, 8, 2, 1.49, 26112, 163
882, 0, 1, 22, 21, 1, 0.25%, 0, 8, 2, 1.24, 26370, 163
887, 0, 1, 22, 21, 1, 0.25%, 0, 8, 2, 12.92, 26748, 163
895, 0, 1, 22, 21, 1, 0.25%, 0, 8, 2, 5.88, 26871, 163
904, 0, 1, 22, 21, 1, 0.25%, 0, 8, 2, 11.31, 27096, 163
912, 0, 1, 22, 21, 1, 0.25%, 0, 8, 2, 11.03, 27232, 163
921, 0, 1, 22, 21, 1, 0.25%, 0, 8, 2, 3.46, 27324, 163
929, 0, 1, 22, 21, 1, 0.25%, 0, 8, 2, 9.80, 27511, 163
939, 0, 1, 22, 21, 1, 0.25%, 0, 8, 2, 14.26, 27841, 163
947, 0, 1, 22, 21, 1, 0.25%, 0, 8, 2, 0.61, 27852, 163
952, 0, 1, 22, 21, 1, 0.25%, 0, 8, 2, 301.98, 28188, 163
960, 0, 1, 22, 21, 1, 0.25%, 0, 8, 2, 4.19, 28320, 163
969, 0, 1, 22, 21, 1, 0.25%, 0, 8, 2, 4.25, 28464, 163
2030, 0, 1, 22, 21, 1, 0.25%, 0, 8, 2, 0.00, 28702, 163
2039, 0, 1, 22, 21, 1, 0.25%, 0, 8, 2, 4.64, 28799, 163
2047, 0, 1, 22, 21, 1, 0.25%, 0, 8, 2, 0.75, 28834, 163
2052, 0, 1, 22, 21, 1, 0.25%, 0, 8, 2, 303.46, 29190, 163
2061, 0, 1, 22, 21, 1, 0.25%, 0, 8, 2, 11.31, 29334, 163
2066, 0, 1, 22, 21, 1, 0.25%, 0, 8, 2, 301.98, 29647, 163
2071, 0, 1, 22, 21, 1, 0.25%, 0, 8, 2, 303.20, 29964, 163
2076, 0, 1, 22, 21, 1, 0.25%, 0, 8, 2, 303.27, 30324, 163
2081, 0, 1, 22, 21, 1, 0.25%, 0, 8, 2, 304.33, 30630, 163
2093, 0, 1, 22, 21, 1, 0.25%, 0, 8, 2, 2.85, 30750, 163
2102, 0, 1, 22, 21, 1, 0.25%, 0, 8, 2, 12.92, 30894, 163
2110, 0, 1, 22, 21, 1, 0.25%, 0, 8, 2, 0.25, 30967, 163
2119, 0, 1, 22, 21, 1, 0.25%, 0, 8, 2, 2.72, 31242, 163
2124, 0, 1, 22, 21, 1, 0.25%, 0, 8, 2, 304.92, 31560, 163
2133, 0, 1, 22, 21, 1, 0.25%, 0, 8, 2, 8.74, 31884, 163
2141, 0, 1, 22, 21, 1, 0.25%, 0, 8, 2, 1.80, 31902, 163
2150, 0, 1, 22, 21, 1, 0.25%, 0, 8, 2, 6.36, 32142, 163
2158, 0, 1, 22, 21, 1, 0.25%, 0, 8, 2, 6.68, 32216, 163
2166, 0, 1, 22, 21, 1, 0.25%, 0, 8, 2, 0.75, 32325, 163
2175, 0, 1, 22, 21, 1, 0.25%, 0, 8, 2, 12.48, 32586, 163
2180, 0, 1, 22, 21, 1, 0.25%, 0, 8, 2, 14.28, 32898, 163
2189, 0, 1, 22, 21, 1, 0.25%, 0, 8, 2, 3.52, 33178, 163
2197, 0, 1, 22, 21, 1, 0.25%, 0, 8, 2, 0.50, 33211, 163
2206, 0, 1, 22, 21, 1, 0.25%, 0, 8, 2, 1.54, 33347, 163
2219, 0, 4, 22, 20, 7, 0.25%, 0, 8, 2, 1.49, 33543, 163
2227, 0, 4, 22, 20, 7, 0.25%, 0, 8, 2, 1.77, 33573, 163
2235, 0, 4, 22, 20, 7, 0.25%, 0, 8, 2, 0.25, 33593, 163
2243, 0, 4, 23, 21, 7, 0.25%, 0, 8, 3, 2.23, 33737, 163
2251, 0, 4, 23, 21, 7, 0.25%, 0, 9, 3, 2.54, 33777, 163
2260, 0, 4, 23, 21, 7, 0.25%, 0, 9, 3, 3.00, 33829, 163
2268, 0, 4, 23, 21, 7, 0.25%, 0, 9, 3, 2.96, 33851, 163
2276, 0, 4, 23, 21, 7, 0.25%, 0, 9, 3, 7.08, 34038, 163
2285, 0, 12, 23, 20, 6, 0.25%, 0, 9, 3, 5.99, 34201, 163
2293, 0, 12, 23, 20, 6, 0.25%, 0, 9, 3, 6.12, 34299, 163
2302, 0, 12, 23, 20, 6, 0.25%, 0, 9, 3, 6.36, 34549, 163
2310, 0, 12, 23, 20, 6, 0.25%, 0, 9, 3, 7.00, 34647, 163
2319, 0, 12, 25, 22, 6, 0.25%, 0, 9, 3, 7.28, 34724, 163
2327, 0, 12, 25, 22, 6, 0.25%, 0, 9, 3, 0.25, 34738, 163
2335, 0, 12, 26, 23, 6, 0.25%, 0, 9, 3, 9.22, 34788, 163
2343, 0, 12, 26, 23, 6, 0.25%, 0, 9, 3, 8.81, 34835, 163
2351, 0, 12, 26, 23, 6, 0.25%, 0, 9, 3, 0.25, 34837, 163
2359, 0, 12, 26, 23, 6, 0.25%, 0, 9, 3, 6.84, 34870, 163
2367, 0, 12, 26, 23, 6, 0.25%, 0, 9, 3, 6.44, 34899, 163
2375, 0, 12, 26, 23, 6, 0.25%, 0, 9, 3, 0.50, 34940, 163
2384, 0, 12, 26, 23, 6, 0.25%, 0, 9, 3, 8.79, 35016, 163
2392, 0, 7, 26, 22, 5, 0.25%, 0, 9, 3, 10.84, 35169, 163
2401, 0, 7, 26, 22, 5, 0.25%, 0, 9, 3, 12.59, 35329, 163
2409, 0, 7, 26, 22, 5, 0.25%, 0, 9, 3, 11.68, 35370, 163
2417, 0, 7, 26, 22, 5, 0.25%, 0, 9, 3, 10.87, 35411, 163
2425, 0, 7, 26, 22, 5, 0.25%, 0, 9, 3, 10.70, 35489, 163
2433, 0, 7, 26, 22, 5, 0.25%, 0, 9, 3, 4.67, 35570, 163
2442, 0, 7, 26, 22, 5, 0.25%, 0, 9, 3, 4.79, 35616, 163
2450, 0, 7, 26, 22, 5, 0.25%, 0, 9, 3, 5.33, 35692, 163
2458, 0, 7, 26, 22, 5, 0.25%, 0, 9, 3, 3.59, 35881, 163
2467, 0, 17, 26, 21, 4, 0.25%, 0, 9, 3, 3.53, 35906, 163
2475, 0, 17, 26, 21, 4, 0.25%, 0, 9, 3, 3.76, 35951, 163
2483, 0, 17, 27, 22, 4, 0.25%, 0, 9, 3, 4.20, 36011, 163
2491, 0, 17, 28, 23, 4, 0.25%, 0, 9, 3, 1.32, 36086, 163
2499, 0, 17, 28, 23, 4, 0.25%, 0, 9, 3, 1.33, 36097, 163
2507, 0, 17, 28, 23, 4, 0.25%, 0, 9, 3, 1.49, 36139, 163
2516, 0, 17, 28, 23, 4, 0.25%, 0, 9, 3, 14.04, 36256, 163
2524, 0, 17, 28, 23, 4, 0.25%, 0, 9, 3, 1.89, 36280, 163
2532, 0, 17, 28, 23, 4, 0.25%, 0, 9, 3, 2.00, 36303, 163
2540, 0, 17, 28, 23, 4, 0.25%, 0, 9, 3, 3.14, 36384, 163
2548, 0, 17, 28, 23, 4, 0.25%, 0, 9, 3, 3.41, 36429, 163
2557, 0, 17, 28, 23, 4, 0.25%, 0, 9, 3, 3.64, 36473, 163
2565, 0, 17, 28, 23, 4, 0.25%, 0, 9, 3, 0.28, 36477, 163
2573, 0, 17, 28, 23, 4, 0.25%, 0, 9, 3, 0.50, 36519, 163
2581, 0, 17, 28, 23, 4, 0.25%, 0, 9, 3, 5.88, 36546, 163
2589, 0, 17, 28, 23, 4, 0.25%, 0, 9, 3, 5.05, 36640, 163
2597, 0, 17, 28, 23, 4, 0.25%, 0, 9, 3, 0.25, 36662, 163
2605, 0, 17, 28, 23, 4, 0.25%, 0, 9, 3, 4.17, 36724, 163
2613, 0, 17, 28, 23, 4, 0.25%, 0, 9, 3, 3.93, 36741, 163
2622, 0, 17, 28, 23, 4, 0.25%, 0, 9, 3, 3.71, 36758, 163
2630, 0, 17, 28, 23, 4, 0.25%, 0, 9, 3, 3.57, 36779, 163
2638, 0, 17, 28, 23, 4, 0.25%, 0, 9, 3, 0.50, 36795, 163
2646, 0, 17, 28, 23, 4, 0.25%, 0, 9, 3, 6.36, 36827, 163
2654, 0, 17, 28, 23, 4, 0.25%, 0, 9, 3, 0.25, 36854, 163
2662, 0, 17, 28, 23, 4, 0.25%, 0, 9, 3, 1.74, 36868, 163
2670, 0, 17, 28, 23, 4, 0.25%, 0, 9, 3, 1.71, 36880, 163
2678, 0, 17, 28, 23, 4, 0.25%, 0, 9, 3, 9.14, 36938, 163
2686, 0, 17, 28, 23, 4, 0.25%, 0, 9, 3, 2.48, 37029, 163
2695, 0, 17, 28, 23, 4, 0.25%, 0, 9, 3, 2.48, 37110, 163
2703, 0, 17, 28, 23, 4, 0.25%, 0, 9, 3, 2.73, 37147, 163
2711, 0, 17, 28, 23, 4, 0.25%, 0, 9, 3, 0.50, 37161, 163
2719, 0, 17, 28, 23, 4, 0.25%, 0, 9, 3, 0.60, 37172, 163
2727, 0, 17, 28, 23, 4, 0.25%, 0, 9, 3, 9.38, 37246, 163
2735, 0, 17, 28, 23, 4, 0.25%, 0, 9, 3, 0.25, 37259, 163
2744, 0, 17, 28, 23, 4, 0.25%, 0, 9, 3, 11.53, 37376, 163
2752, 0, 11, 28, 22, 3, 0.25%, 0, 9, 3, 10.60, 37573, 163
2761, 0, 11, 28, 22, 3, 0.25%, 0, 9, 3, 10.60, 37854, 163
2770, 0, 11, 28, 22, 3, 0.25%, 0, 9, 3, 10.24, 37918, 163
2778, 0, 11, 28, 22, 3, 0.25%, 0, 9, 3, 9.63, 37961, 163
2786, 0, 11, 28, 22, 3, 0.25%, 0, 9, 3, 8.02, 37997, 163
2794, 0, 11, 28, 22, 3, 0.25%, 0, 9, 3, 0.12, 37998, 163
2803, 0, 11, 28, 22, 3, 0.25%, 0, 9, 3, 9.96, 38098, 163
2811, 0, 11, 28, 22, 3, 0.25%, 0, 9, 3, 2.20, 38128, 163
2919, 0, 11, 28, 22, 3, 0.25%, 0, 9, 3, 0.01, 38168, 163
2927, 0, 10, 28, 21, 2, 0.25%, 0, 9, 3, 12.91, 38229, 163
2944, 0, 10, 28, 21, 2, 0.25%, 0, 9, 3, 0.06, 38230, 163
2952, 0, 10, 28, 21, 2, 0.25%, 0, 9, 3, 6.12, 38257, 163
2960, 0, 10, 28, 21, 2, 0.25%, 0, 9, 3, 6.74, 38350, 163
2969, 0, 10, 28, 21, 2, 0.25%, 0, 9, 3, 6.94, 38420, 163
2977, 0, 10, 28, 21, 2, 0.25%, 0, 9, 3, 7.10, 38488, 163
2989, 0, 10, 29, 22, 2, 0.25%, 0, 9, 3, 2.48, 38572, 163
3325, 0, 10, 29, 22, 2, 0.25%, 0, 9, 3, 0.00, 38580, 163
3333, 0, 10, 29, 22, 2, 0.25%, 0, 9, 3, 0.75, 38601, 163
3341, 0, 10, 29, 22, 2, 0.25%, 0, 9, 3, 0.79, 38610, 163
3580, 0, 10, 29, 22, 2, 0.25%, 0, 9, 3, 0.00, 38611, 163
3588, 0, 10, 29, 22, 2, 0.25%, 0, 9, 3, 12.22, 38663, 163
3642, 0, 10, 29, 22, 2, 0.25%, 0, 9, 3, 0.00, 38664, 163
