# relative_time, cycles_done, cur_item, corpus_count, pending_total, pending_favs, map_size, saved_crashes, saved_hangs, max_depth, execs_per_sec, total_execs, edges_found
61, 0, 1, 10, 9, 1, 0.23%, 0, 4, 2, 297.79, 16954, 154
66, 0, 1, 11, 10, 1, 0.23%, 0, 4, 2, 296.83, 18466, 154
71, 0, 1, 11, 10, 1, 0.23%, 0, 4, 2, 294.14, 19941, 154
76, 0, 1, 11, 10, 1, 0.23%, 0, 5, 2, 297.15, 21157, 154
81, 0, 1, 12, 11, 1, 0.24%, 0, 5, 2, 293.75, 22654, 155
86, 0, 1, 12, 11, 1, 0.24%, 0, 5, 2, 294.33, 24179, 155
92, 0, 1, 12, 11, 1, 0.24%, 0, 5, 2, 288.47, 25644, 155
97, 0, 1, 12, 11, 1, 0.24%, 0, 5, 2, 296.03, 27174, 155
102, 0, 1, 12, 11, 1, 0.24%, 0, 5, 2, 292.61, 28649, 155
107, 0, 1, 12, 11, 1, 0.24%, 0, 5, 2, 292.22, 30129, 155
112, 0, 1, 12, 11, 1, 0.24%, 0, 5, 2, 291.11, 31609, 155
117, 0, 1, 12, 11, 1, 0.24%, 0, 5, 2, 289.92, 33074, 155
122, 0, 1, 12, 11, 1, 0.24%, 0, 5, 2, 292.77, 34559, 155
127, 0, 1, 12, 11, 1, 0.24%, 0, 5, 2, 293.01, 36049, 155
132, 0, 1, 12, 11, 1, 0.24%, 0, 5, 2, 291.30, 37539, 155
137, 0, 1, 12, 11, 1, 0.24%, 0, 5, 2, 290.60, 39009, 155
142, 0, 1, 12, 11, 1, 0.24%, 0, 5, 2, 296.99, 40519, 155
147, 0, 1, 12, 11, 1, 0.24%, 0, 5, 2, 295.94, 42004, 155
152, 0, 1, 12, 11, 1, 0.24%, 0, 5, 2, 299.14, 43534, 155
158, 0, 1, 12, 11, 1, 0.24%, 0, 5, 2, 295.61, 45004, 155
168, 0, 1, 12, 11, 1, 0.24%, 0, 5, 2, 0.85, 46409, 155
256, 0, 1, 12, 11, 1, 0.24%, 0, 5, 2, 0.06, 47064, 155
261, 0, 1, 12, 11, 1, 0.24%, 0, 5, 2, 293.89, 48574, 155
266, 0, 1, 12, 11, 1, 0.24%, 0, 5, 2, 296.60, 50094, 155
271, 0, 1, 12, 11, 1, 0.24%, 0, 5, 2, 295.00, 51584, 155
276, 0, 1, 12, 11, 1, 0.24%, 0, 5, 2, 292.84, 53074, 155
281, 0, 1, 12, 11, 1, 0.24%, 0, 5, 2, 286.53, 54544, 155
287, 0, 1, 12, 11, 1, 0.24%, 0, 5, 2, 282.05, 56055, 155
292, 0, 1, 12, 11, 1, 0.24%, 0, 5, 2, 295.88, 57570, 155
297, 0, 1, 12, 11, 1, 0.24%, 0, 5, 2, 287.26, 59070, 155
302, 0, 1, 12, 11, 1, 0.24%, 0, 5, 2, 293.39, 60560, 155
307, 0, 1, 12, 11, 1, 0.24%, 0, 5, 2, 291.33, 62030, 155
312, 0, 1, 12, 11, 1, 0.24%, 0, 5, 2, 291.67, 63510, 155
317, 0, 1, 12, 11, 1, 0.24%, 0, 5, 2, 288.73, 64970, 155
322, 0, 1, 12, 11, 1, 0.24%, 0, 5, 2, 290.10, 66440, 155
327, 0, 1, 12, 11, 1, 0.24%, 0, 5, 2, 293.54, 67920, 155
333, 0, 1, 12, 11, 1, 0.24%, 0, 5, 2, 294.85, 69410, 155
338, 0, 1, 12, 11, 1, 0.24%, 0, 5, 2, 292.53, 70880, 155
343, 0, 1, 12, 11, 1, 0.24%, 0, 5, 2, 301.67, 72420, 155
348, 0, 1, 12, 11, 1, 0.24%, 0, 5, 2, 299.12, 73930, 155
353, 0, 1, 12, 11, 1, 0.24%, 0, 5, 2, 299.10, 75430, 155
358, 0, 1, 12, 11, 1, 0.24%, 0, 5, 2, 300.00, 76935, 155
363, 0, 1, 12, 11, 1, 0.24%, 0, 5, 2, 300.63, 78450, 155
368, 0, 1, 12, 11, 1, 0.24%, 0, 5, 2, 294.87, 79985, 155
373, 0, 1, 12, 11, 1, 0.24%, 0, 5, 2, 296.36, 81495, 155
378, 0, 1, 12, 11, 1, 0.24%, 0, 5, 2, 297.46, 82990, 155
383, 0, 1, 12, 11, 1, 0.24%, 0, 5, 2, 288.84, 84495, 155
388, 0, 1, 12, 11, 1, 0.24%, 0, 5, 2, 294.32, 85980, 155
394, 0, 1, 12, 11, 1, 0.24%, 0, 5, 2, 294.60, 87510, 155
399, 0, 1, 12, 11, 1, 0.24%, 0, 5, 2, 295.07, 89000, 155
404, 0, 1, 12, 11, 1, 0.24%, 0, 5, 2, 292.98, 90495, 155
409, 0, 1, 12, 11, 1, 0.24%, 0, 5, 2, 294.53, 92005, 155
414, 0, 1, 12, 11, 1, 0.24%, 0, 5, 2, 296.06, 93525, 155
419, 0, 1, 12, 11, 1, 0.24%, 0, 5, 2, 296.48, 95065, 155
424, 0, 1, 12, 11, 1, 0.24%, 0, 5, 2, 301.15, 96600, 155
429, 0, 1, 12, 11, 1, 0.24%, 0, 5, 2, 296.88, 98095, 155
434, 0, 1, 12, 11, 1, 0.24%, 0, 5, 2, 288.52, 99555, 155
439, 0, 1, 12, 11, 1, 0.24%, 0, 5, 2, 288.32, 101050, 155
445, 0, 1, 12, 11, 1, 0.24%, 0, 5, 2, 291.34, 102545, 155
450, 0, 1, 12, 11, 1, 0.24%, 0, 5, 2, 296.81, 104045, 155
455, 0, 1, 12, 11, 1, 0.24%, 0, 5, 2, 292.58, 105540, 155
460, 0, 1, 13, 12, 1, 0.24%, 0, 5, 2, 293.87, 107057, 155
465, 0, 1, 13, 12, 1, 0.24%, 0, 5, 2, 293.88, 108562, 155
470, 0, 1, 13, 12, 1, 0.24%, 0, 5, 2, 290.84, 110042, 155
475, 0, 1, 13, 12, 1, 0.24%, 0, 5, 2, 282.93, 111482, 155
480, 0, 1, 13, 12, 1, 0.24%, 0, 5, 2, 286.91, 112947, 155
485, 0, 1, 13, 12, 1, 0.24%, 0, 5, 2, 294.13, 114442, 155
490, 0, 1, 13, 12, 1, 0.24%, 0, 5, 2, 290.56, 115902, 155
496, 0, 1, 13, 12, 1, 0.24%, 0, 5, 2, 289.11, 117397, 155
501, 0, 1, 13, 12, 1, 0.24%, 0, 5, 2, 292.09, 118927, 155
506, 0, 1, 13, 12, 1, 0.24%, 0, 5, 2, 288.32, 120397, 155
511, 0, 1, 13, 12, 1, 0.24%, 0, 5, 2, 291.89, 121877, 155
516, 0, 1, 13, 12, 1, 0.24%, 0, 5, 2, 292.83, 123352, 155
521, 0, 1, 13, 12, 1, 0.24%, 0, 5, 2, 288.92, 124817, 155
526, 0, 1, 13, 12, 1, 0.24%, 0, 5, 2, 292.18, 126317, 155
531, 0, 1, 13, 12, 1, 0.24%, 0, 5, 2, 294.28, 127817, 155
536, 0, 1, 13, 12, 1, 0.24%, 0, 5, 2, 293.22, 129312, 155
541, 0, 1, 13, 12, 1, 0.24%, 0, 5, 2, 295.06, 130802, 155
547, 0, 7, 13, 11, 7, 0.24%, 0, 6, 2, 269.34, 131946, 155
552, 0, 8, 13, 10, 6, 0.24%, 0, 7, 2, 288.36, 133041, 155
557, 0, 8, 13, 10, 6, 0.24%, 0, 7, 2, 297.79, 134568, 155
562, 0, 8, 13, 10, 6, 0.24%, 0, 7, 2, 298.46, 136098, 155
567, 0, 8, 13, 10, 6, 0.24%, 0, 7, 2, 298.43, 137618, 155
572, 0, 8, 13, 10, 6, 0.24%, 0, 7, 2, 300.39, 139180, 155
577, 0, 8, 14, 11, 6, 0.24%, 0, 8, 3, 290.47, 140377, 156
582, 0, 8, 14, 11, 6, 0.24%, 0, 8, 3, 287.03, 141839, 156
587, 0, 5, 14, 10, 6, 0.24%, 0, 8, 3, 286.81, 143283, 156
593, 0, 3, 14, 9, 5, 0.24%, 0, 8, 3, 288.40, 144750, 156
598, 0, 12, 15, 9, 4, 0.25%, 0, 8, 3, 259.06, 146008, 162
603, 0, 12, 15, 9, 4, 0.25%, 0, 8, 3, 275.00, 147455, 162
608, 0, 12, 16, 10, 4, 0.25%, 0, 9, 3, 233.27, 148398, 162
613, 0, 12, 17, 11, 4, 0.25%, 0, 9, 3, 230.10, 149597, 162
618, 0, 12, 18, 12, 4, 0.25%, 0, 9, 3, 229.08, 150776, 162
623, 0, 12, 19, 13, 4, 0.25%, 0, 9, 3, 212.30, 151871, 162
628, 0, 12, 20, 14, 4, 0.25%, 0, 9, 3, 225.22, 153038, 162
633, 0, 12, 20, 14, 4, 0.25%, 0, 9, 3, 222.78, 154166, 162
638, 0, 12, 21, 15, 4, 0.25%, 0, 9, 3, 217.85, 155273, 162
643, 0, 12, 21, 15, 4, 0.25%, 0, 10, 3, 233.65, 156214, 162
649, 0, 12, 22, 16, 4, 0.25%, 0, 11, 3, 165.34, 157105, 163
654, 0, 12, 22, 16, 4, 0.25%, 0, 11, 3, 215.57, 158278, 163
659, 0, 12, 22, 16, 4, 0.25%, 0, 11, 3, 221.90, 159394, 163
664, 0, 12, 22, 16, 4, 0.25%, 0, 11, 3, 225.32, 160546, 163
669, 0, 12, 22, 16, 4, 0.25%, 0, 11, 3, 227.62, 161690, 163
674, 0, 12, 22, 16, 4, 0.25%, 0, 11, 3, 224.54, 162826, 163
679, 0, 12, 22, 16, 4, 0.25%, 0, 11, 3, 228.49, 164006, 163
684, 0, 12, 23, 17, 4, 0.25%, 0, 11, 3, 226.22, 165173, 163
705, 0, 12, 23, 17, 4, 0.25%, 0, 11, 3, 0.26, 166277, 163
710, 0, 12, 23, 17, 4, 0.25%, 0, 11, 3, 242.83, 167409, 163
715, 0, 12, 23, 17, 4, 0.25%, 0, 11, 3, 230.38, 168573, 163
720, 0, 12, 23, 17, 4, 0.25%, 0, 11, 3, 225.83, 169733, 163
725, 0, 12, 23, 17, 4, 0.25%, 0, 11, 3, 223.06, 170857, 163
730, 0, 12, 23, 17, 4, 0.25%, 0, 11, 3, 225.45, 172001, 163
735, 0, 12, 23, 17, 4, 0.25%, 0, 11, 3, 231.27, 173169, 163
740, 0, 12, 24, 18, 4, 0.25%, 0, 11, 3, 226.76, 174332, 163
745, 0, 12, 24, 18, 4, 0.25%, 0, 11, 3, 225.52, 175496, 163
750, 0, 12, 24, 18, 4, 0.25%, 0, 11, 3, 221.57, 176592, 163
755, 0, 12, 24, 18, 4, 0.25%, 0, 12, 3, 233.94, 177545, 163
760, 0, 12, 24, 18, 4, 0.25%, 0, 12, 3, 236.45, 178721, 163
766, 0, 12, 24, 18, 4, 0.25%, 0, 12, 3, 223.33, 179837, 163
771, 0, 12, 24, 18, 4, 0.25%, 0, 12, 3, 225.31, 180993, 163
776, 0, 12, 24, 18, 4, 0.25%, 0, 12, 3, 228.11, 182137, 163
781, 0, 12, 24, 18, 4, 0.25%, 0, 12, 3, 225.27, 183261, 163
786, 0, 12, 24, 18, 4, 0.25%, 0, 12, 3, 224.17, 184405, 163
791, 0, 12, 24, 18, 4, 0.25%, 0, 12, 3, 228.07, 185521, 163
796, 0, 12, 24, 18, 4, 0.25%, 0, 12, 3, 222.91, 186637, 163
801, 0, 12, 25, 19, 4, 0.25%, 0, 12, 3, 215.77, 187741, 163
806, 0, 12, 25, 19, 4, 0.25%, 0, 12, 3, 226.27, 188853, 163
811, 0, 12, 25, 19, 4, 0.25%, 0, 12, 3, 220.15, 189953, 163
816, 0, 12, 25, 19, 4, 0.25%, 0, 12, 3, 224.99, 191089, 163
821, 0, 12, 25, 19, 4, 0.25%, 0, 12, 3, 212.61, 192157, 163
826, 0, 12, 25, 19, 4, 0.25%, 0, 12, 3, 229.11, 193349, 163
832, 0, 12, 25, 19, 4, 0.25%, 0, 12, 3, 229.66, 194497, 163
837, 0, 12, 25, 19, 4, 0.25%, 0, 12, 3, 233.75, 195697, 163
842, 0, 12, 25, 19, 4, 0.25%, 0, 12, 3, 217.06, 196789, 163
847, 0, 12, 25, 19, 4, 0.25%, 0, 12, 3, 227.92, 197957, 163
852, 0, 12, 25, 19, 4, 0.25%, 0, 12, 3, 222.56, 199049, 163
857, 0, 12, 25, 19, 4, 0.25%, 0, 12, 3, 225.06, 200185, 163
862, 0, 12, 25, 19, 4, 0.25%, 0, 12, 3, 223.36, 201321, 163
867, 0, 12, 25, 19, 4, 0.25%, 0, 12, 3, 226.84, 202445, 163
872, 0, 12, 25, 19, 4, 0.25%, 0, 12, 3, 223.40, 203605, 163
877, 0, 12, 25, 19, 4, 0.25%, 0, 12, 3, 221.26, 204709, 163
882, 0, 12, 25, 19, 4, 0.25%, 0, 12, 3, 224.82, 205817, 163
887, 0, 12, 25, 19, 4, 0.25%, 0, 12, 3, 223.77, 206965, 163
892, 0, 12, 25, 19, 4, 0.25%, 0, 12, 3, 223.82, 208101, 163
897, 0, 12, 25, 19, 4, 0.25%, 0, 12, 3, 226.13, 209253, 163
902, 0, 12, 25, 19, 4, 0.25%, 0, 12, 3, 226.57, 210389, 163
907, 0, 12, 25, 19, 4, 0.25%, 0, 12, 3, 222.10, 211525, 163
913, 0, 12, 25, 19, 4, 0.25%, 0, 12, 3, 217.89, 212609, 163
918, 0, 12, 25, 19, 4, 0.25%, 0, 12, 3, 219.54, 213697, 163
923, 0, 12, 25, 19, 4, 0.25%, 0, 12, 3, 221.94, 214817, 163
928, 0, 12, 25, 19, 4, 0.25%, 0, 12, 3, 227.08, 215973, 163
933, 0, 12, 25, 19, 4, 0.25%, 0, 12, 3, 227.42, 217125, 163
938, 0, 12, 25, 19, 4, 0.25%, 0, 12, 3, 221.39, 218217, 163
943, 0, 12, 25, 19, 4, 0.25%, 0, 12, 3, 226.03, 219361, 163
948, 0, 12, 26, 20, 4, 0.25%, 0, 12, 3, 222.57, 220484, 163
953, 0, 12, 26, 20, 4, 0.25%, 0, 12, 3, 231.17, 221632, 163
958, 0, 12, 26, 20, 4, 0.25%, 0, 12, 3, 215.57, 222708, 163
963, 0, 12, 26, 20, 4, 0.25%, 0, 12, 3, 220.66, 223820, 163
968, 0, 12, 26, 20, 4, 0.25%, 0, 12, 3, 220.16, 224912, 163
973, 0, 12, 26, 20, 4, 0.25%, 0, 12, 3, 228.01, 226060, 163
979, 0, 12, 26, 20, 4, 0.25%, 0, 12, 3, 217.41, 227180, 163
984, 0, 12, 26, 20, 4, 0.25%, 0, 12, 3, 223.15, 228340, 163
989, 0, 12, 26, 20, 4, 0.25%, 0, 12, 3, 224.53, 229488, 163
994, 0, 12, 26, 20, 4, 0.25%, 0, 12, 3, 228.30, 230616, 163
999, 0, 12, 26, 20, 4, 0.25%, 0, 12, 3, 218.07, 231732, 163
1004, 0, 12, 26, 20, 4, 0.25%, 0, 12, 3, 227.72, 232916, 163
1009, 0, 12, 26, 20, 4, 0.25%, 0, 12, 3, 220.90, 234068, 163
1014, 0, 12, 26, 20, 4, 0.25%, 0, 12, 3, 228.75, 235228, 163
1019, 0, 12, 26, 20, 4, 0.25%, 0, 12, 3, 221.13, 236328, 163
1024, 0, 12, 26, 20, 4, 0.25%, 0, 12, 3, 225.09, 237496, 163
1029, 0, 12, 26, 20, 4, 0.25%, 0, 12, 3, 221.46, 238600, 163
1035, 0, 12, 26, 20, 4, 0.25%, 0, 12, 3, 228.94, 239804, 163
1040, 0, 12, 26, 20, 4, 0.25%, 0, 12, 3, 226.48, 240952, 163
1045, 0, 12, 26, 20, 4, 0.25%, 0, 12, 3, 226.88, 242088, 163
1050, 0, 12, 26, 20, 4, 0.25%, 0, 12, 3, 222.38, 243200, 163
1055, 0, 12, 26, 20, 4, 0.25%, 0, 12, 3, 223.25, 244332, 163
1060, 0, 12, 27, 21, 4, 0.25%, 0, 12, 3, 221.91, 245447, 163
1065, 0, 12, 27, 21, 4, 0.25%, 0, 12, 3, 222.66, 246563, 163
1070, 0, 12, 27, 21, 4, 0.25%, 0, 12, 3, 224.47, 247699, 163
1075, 0, 12, 27, 21, 4, 0.25%, 0, 12, 3, 214.91, 248799, 163
1080, 0, 12, 27, 21, 4, 0.25%, 0, 12, 3, 224.37, 249935, 163
1085, 0, 12, 27, 21, 4, 0.25%, 0, 12, 3, 232.11, 251087, 163
1090, 0, 12, 27, 21, 4, 0.25%, 0, 12, 3, 230.20, 252235, 163
1095, 0, 12, 27, 21, 4, 0.25%, 0, 12, 3, 223.24, 253355, 163
1101, 0, 12, 27, 21, 4, 0.25%, 0, 12, 3, 230.27, 254527, 163
1106, 0, 12, 27, 21, 4, 0.25%, 0, 12, 3, 218.30, 255623, 163
1111, 0, 12, 27, 21, 4, 0.25%, 0, 12, 3, 218.11, 256715, 163
1116, 0, 12, 27, 21, 4, 0.25%, 0, 12, 3, 219.30, 257827, 163
1121, 0, 12, 27, 21, 4, 0.25%, 0, 12, 3, 232.03, 258999, 163
1126, 0, 12, 27, 21, 4, 0.25%, 0, 12, 3, 223.94, 260147, 163
1131, 0, 12, 27, 21, 4, 0.25%, 0, 12, 3, 224.70, 261299, 163
1136, 0, 12, 27, 21, 4, 0.25%, 0, 12, 3, 215.67, 262387, 163
1141, 0, 12, 27, 21, 4, 0.25%, 0, 12, 3, 215.84, 263495, 163
1147, 0, 12, 27, 21, 4, 0.25%, 0, 12, 3, 212.27, 264607, 163
1152, 0, 12, 27, 21, 4, 0.25%, 0, 12, 3, 215.59, 265711, 163
1157, 0, 12, 27, 21, 4, 0.25%, 0, 12, 3, 225.13, 266859, 163
1162, 0, 12, 27, 21, 4, 0.25%, 0, 12, 3, 223.52, 267995, 163
1167, 0, 12, 27, 21, 4, 0.25%, 0, 12, 3, 225.85, 269123, 163
1172, 0, 12, 27, 21, 4, 0.25%, 0, 12, 3, 221.66, 270243, 163
1177, 0, 12, 27, 21, 4, 0.25%, 0, 12, 3, 213.79, 271319, 163
1182, 0, 12, 27, 21, 4, 0.25%, 0, 12, 3, 215.23, 272427, 163
1187, 0, 12, 27, 21, 4, 0.25%, 0, 12, 3, 214.37, 273543, 163
1192, 0, 12, 27, 21, 4, 0.25%, 0, 12, 3, 224.66, 274687, 163
1197, 0, 12, 27, 21, 4, 0.25%, 0, 12, 3, 223.30, 275815, 163
1202, 0, 12, 27, 21, 4, 0.25%, 0, 12, 3, 226.45, 276947, 163
1207, 0, 12, 27, 21, 4, 0.25%, 0, 12, 3, 220.80, 278047, 163
1212, 0, 12, 28, 22, 4, 0.25%, 0, 12, 3, 161.39, 278870, 163
1218, 0, 14, 28, 21, 4, 0.25%, 0, 12, 3, 261.16, 280305, 163
1223, 0, 14, 28, 21, 4, 0.25%, 0, 12, 3, 265.09, 281704, 163
1228, 0, 21, 28, 20, 3, 0.25%, 0, 12, 3, 229.92, 282816, 163
1233, 0, 21, 29, 21, 3, 0.25%, 0, 12, 4, 281.37, 284274, 163
1238, 0, 21, 29, 21, 3, 0.25%, 0, 12, 4, 255.44, 285557, 163
1243, 0, 17, 29, 20, 2, 0.25%, 0, 12, 4, 257.53, 286829, 163
1248, 0, 17, 29, 20, 2, 0.25%, 0, 12, 4, 289.16, 288342, 163
1253, 0, 17, 29, 20, 2, 0.25%, 0, 12, 4, 268.81, 289760, 163
1258, 0, 17, 30, 21, 2, 0.25%, 0, 12, 4, 250.36, 291042, 163
1264, 0, 13, 30, 20, 1, 0.25%, 0, 12, 4, 248.87, 292298, 163
1269, 0, 13, 30, 20, 1, 0.25%, 0, 12, 4, 289.25, 293827, 163
1274, 0, 13, 30, 20, 1, 0.25%, 0, 12, 4, 263.51, 295194, 163
1279, 0, 7, 31, 20, 0, 0.25%, 0, 12, 4, 256.90, 296507, 163
1284, 0, 3, 32, 21, 0, 0.25%, 0, 12, 4, 218.40, 297569, 163
1289, 0, 7, 34, 23, 0, 0.25%, 0, 12, 4, 264.21, 298955, 163
1294, 0, 7, 34, 23, 0, 0.25%, 0, 12, 4, 275.84, 300370, 163
1299, 0, 3, 34, 23, 0, 0.25%, 0, 12, 4, 269.24, 301744, 163
1304, 0, 21, 35, 24, 0, 0.25%, 0, 12, 4, 267.54, 303095, 163
1310, 0, 7, 37, 26, 0, 0.25%, 0, 12, 4, 250.24, 304287, 163
1315, 0, 7, 37, 26, 0, 0.25%, 0, 12, 4, 262.69, 305671, 163
1320, 0, 3, 38, 27, 0, 0.25%, 0, 12, 4, 237.89, 306908, 163
1325, 0, 3, 38, 27, 0, 0.25%, 0, 12, 4, 262.79, 308298, 163
1330, 1, 7, 38, 27, 0, 0.25%, 0, 12, 4, 255.83, 309572, 163
1335, 1, 12, 38, 27, 0, 0.25%, 0, 12, 4, 226.21, 310759, 163
1340, 1, 12, 39, 28, 0, 0.25%, 0, 12, 4, 228.22, 311892, 163
1345, 1, 7, 39, 28, 0, 0.25%, 0, 12, 4, 179.90, 312766, 163
1350, 1, 13, 39, 28, 0, 0.25%, 0, 12, 4, 203.10, 313872, 163
1356, 1, 7, 40, 29, 0, 0.25%, 0, 12, 4, 236.26, 315125, 163
1361, 1, 8, 40, 29, 0, 0.25%, 0, 12, 4, 266.28, 316548, 163
1366, 1, 3, 40, 29, 0, 0.25%, 0, 12, 4, 239.90, 317721, 163
1371, 1, 3, 41, 30, 0, 0.25%, 0, 12, 4, 234.01, 318894, 163
1376, 1, 7, 41, 30, 0, 0.25%, 0, 12, 4, 263.16, 320258, 163
1381, 1, 4, 41, 30, 0, 0.25%, 0, 12, 4, 259.01, 321549, 163
1386, 1, 4, 41, 30, 0, 0.25%, 0, 12, 4, 266.78, 322930, 163
1391, 1, 7, 41, 29, 0, 0.25%, 0, 12, 4, 253.64, 324184, 163
1397, 1, 21, 41, 29, 0, 0.25%, 0, 12, 4, 262.67, 325561, 163
1402, 1, 3, 41, 29, 0, 0.25%, 0, 12, 4, 231.25, 326724, 163
1407, 1, 17, 41, 29, 0, 0.25%, 0, 12, 4, 241.58, 327985, 163
1412, 1, 17, 41, 29, 0, 0.25%, 0, 12, 4, 216.23, 329076, 163
1417, 1, 17, 41, 29, 0, 0.25%, 0, 12, 4, 203.26, 330086, 163
1422, 1, 21, 41, 29, 0, 0.25%, 0, 12, 4, 227.40, 331332, 163
1427, 2, 7, 41, 29, 0, 0.25%, 0, 12, 4, 254.67, 332682, 163
1432, 2, 17, 41, 29, 0, 0.25%, 0, 12, 4, 244.44, 333932, 163
1437, 2, 17, 41, 29, 0, 0.25%, 0, 12, 4, 227.75, 335059, 163
1442, 2, 17, 41, 29, 0, 0.25%, 0, 12, 4, 225.93, 336199, 163
1447, 2, 7, 41, 29, 0, 0.25%, 0, 12, 4, 255.19, 337518, 163
1453, 2, 7, 41, 29, 0, 0.25%, 0, 12, 4, 212.65, 338559, 163
1458, 2, 3, 41, 29, 0, 0.25%, 0, 12, 4, 261.12, 339933, 163
1463, 2, 3, 41, 29, 0, 0.25%, 0, 12, 4, 231.53, 341052, 163
1468, 2, 8, 41, 29, 0, 0.25%, 0, 12, 4, 258.86, 342404, 163
1473, 2, 3, 41, 29, 0, 0.25%, 0, 12, 4, 238.90, 343656, 163
1478, 2, 7, 41, 29, 0, 0.25%, 0, 12, 4, 256.89, 344987, 163
1483, 2, 12, 41, 29, 0, 0.25%, 0, 12, 4, 243.59, 346236, 163
1489, 2, 3, 43, 31, 0, 0.25%, 0, 12, 4, 199.44, 347173, 167
1494, 2, 41, 43, 31, 1, 0.25%, 0, 12, 4, 205.49, 348151, 167
1499, 2, 41, 43, 31, 1, 0.25%, 0, 12, 4, 46.53, 349104, 167
1504, 2, 41, 43, 31, 1, 0.25%, 0, 12, 4, 240.64, 350202, 167
1509, 2, 41, 43, 31, 1, 0.25%, 0, 12, 4, 47.03, 351220, 167
1514, 2, 41, 43, 31, 1, 0.25%, 0, 12, 4, 45.22, 351447, 167
1519, 2, 41, 43, 31, 1, 0.25%, 0, 12, 4, 276.35, 352324, 167
1524, 2, 41, 43, 31, 1, 0.25%, 0, 12, 4, 42.75, 353677, 167
1529, 2, 41, 43, 31, 1, 0.25%, 0, 12, 4, 42.55, 354689, 167
1534, 2, 41, 43, 31, 1, 0.25%, 0, 12, 4, 42.92, 355685, 167
1539, 2, 41, 43, 31, 1, 0.25%, 0, 12, 4, 303.44, 356090, 167
1545, 2, 41, 43, 31, 1, 0.25%, 0, 12, 4, 300.33, 357645, 167
1550, 2, 41, 43, 31, 1, 0.25%, 0, 12, 4, 42.85, 358450, 167
1555, 2, 7, 43, 30, 0, 0.25%, 0, 12, 4, 276.07, 359069, 167
1560, 2, 14, 43, 30, 0, 0.25%, 0, 12, 4, 226.07, 360187, 167
1565, 2, 5, 43, 30, 0, 0.25%, 0, 12, 4, 251.06, 361480, 167
1570, 3, 12, 43, 30, 0, 0.25%, 0, 12, 4, 241.52, 362699, 167
1575, 3, 21, 43, 30, 0, 0.25%, 0, 12, 4, 213.28, 363733, 167
1580, 3, 41, 43, 30, 0, 0.25%, 0, 12, 4, 216.87, 364848, 167
1585, 3, 41, 43, 30, 0, 0.25%, 0, 12, 4, 47.64, 365745, 167
1591, 3, 41, 43, 30, 0, 0.25%, 0, 12, 4, 179.77, 366768, 167
1596, 3, 41, 43, 30, 0, 0.25%, 0, 12, 4, 218.69, 367842, 167
1601, 3, 41, 43, 30, 0, 0.25%, 0, 12, 4, 45.83, 368571, 167
1606, 3, 41, 43, 30, 0, 0.25%, 0, 12, 4, 44.47, 368796, 167
1611, 3, 41, 43, 30, 0, 0.25%, 0, 12, 4, 253.52, 369935, 167
1616, 3, 41, 43, 30, 0, 0.25%, 0, 12, 4, 283.10, 371455, 167
1621, 3, 41, 43, 30, 0, 0.25%, 0, 12, 4, 300.22, 372616, 167
1626, 3, 41, 43, 30, 0, 0.25%, 0, 12, 4, 42.83, 373119, 167
1632, 3, 41, 43, 30, 0, 0.25%, 0, 12, 4, 43.83, 374246, 167
1637, 3, 41, 43, 30, 0, 0.25%, 0, 12, 4, 42.95, 375631, 167
1642, 3, 41, 43, 30, 0, 0.25%, 0, 12, 4, 42.86, 375847, 167
1647, 3, 7, 43, 30, 0, 0.25%, 0, 12, 4, 257.93, 377088, 167
1652, 3, 7, 43, 30, 0, 0.25%, 0, 12, 4, 251.04, 378331, 167
1657, 3, 17, 43, 30, 0, 0.25%, 0, 12, 4, 218.04, 379457, 167
1662, 3, 7, 43, 30, 0, 0.25%, 0, 12, 4, 215.66, 380466, 167
1667, 3, 7, 43, 30, 0, 0.25%, 0, 12, 4, 242.23, 381738, 167
1672, 3, 7, 43, 30, 0, 0.25%, 0, 12, 4, 249.75, 383006, 167
1677, 3, 15, 43, 30, 0, 0.25%, 0, 12, 4, 267.97, 384391, 167
1682, 3, 15, 43, 30, 0, 0.25%, 0, 12, 4, 291.41, 385889, 167
1687, 3, 15, 43, 30, 0, 0.25%, 0, 12, 4, 55.65, 386781, 167
1692, 3, 15, 43, 30, 0, 0.25%, 0, 12, 4, 230.24, 387742, 167
1697, 3, 41, 43, 29, 0, 0.25%, 0, 12, 4, 178.45, 388603, 167
1703, 3, 41, 43, 29, 0, 0.25%, 0, 12, 4, 128.41, 389671, 167
1708, 3, 41, 44, 30, 0, 0.25%, 0, 12, 4, 160.41, 390421, 167
1713, 3, 41, 44, 30, 0, 0.25%, 0, 12, 4, 218.29, 391604, 167
1718, 3, 41, 44, 30, 0, 0.25%, 0, 12, 4, 113.41, 392154, 167
1723, 3, 41, 44, 30, 0, 0.25%, 0, 12, 4, 58.82, 392381, 167
1728, 3, 41, 44, 30, 0, 0.25%, 0, 12, 4, 42.11, 393561, 167
1733, 3, 41, 44, 30, 0, 0.25%, 0, 12, 4, 42.90, 394524, 167
1738, 3, 41, 44, 30, 0, 0.25%, 0, 12, 4, 42.92, 395535, 167
1743, 3, 41, 44, 30, 0, 0.25%, 0, 12, 4, 42.85, 396585, 167
1748, 3, 41, 44, 30, 0, 0.25%, 0, 12, 4, 298.74, 397311, 167
1753, 3, 41, 44, 30, 0, 0.25%, 0, 12, 4, 303.06, 398863, 167
1759, 3, 41, 44, 30, 0, 0.25%, 0, 12, 4, 42.72, 399350, 167
1764, 3, 12, 44, 30, 0, 0.25%, 0, 12, 4, 184.86, 399984, 167
1769, 3, 43, 44, 30, 1, 0.25%, 0, 12, 4, 216.20, 400999, 167
1774, 3, 43, 44, 30, 1, 0.25%, 0, 12, 4, 190.29, 401917, 167
1779, 3, 43, 44, 30, 1, 0.25%, 0, 12, 4, 235.37, 403205, 167
1784, 3, 43, 44, 30, 1, 0.25%, 0, 12, 4, 47.99, 403996, 167
1789, 3, 43, 44, 30, 1, 0.25%, 0, 12, 4, 46.22, 404226, 167
1794, 3, 43, 44, 30, 1, 0.25%, 0, 12, 4, 277.83, 405566, 167
1799, 3, 43, 44, 30, 1, 0.25%, 0, 12, 4, 289.35, 407053, 167
1804, 3, 43, 44, 30, 1, 0.25%, 0, 12, 4, 277.73, 408342, 167
1809, 3, 43, 44, 30, 1, 0.25%, 0, 12, 4, 297.19, 408702, 167
1814, 3, 43, 44, 30, 1, 0.25%, 0, 12, 4, 300.93, 410220, 167
1820, 3, 43, 44, 30, 1, 0.25%, 0, 12, 4, 42.82, 411143, 167
1825, 3, 10, 44, 29, 0, 0.25%, 0, 12, 4, 279.95, 411747, 167
1830, 3, 10, 44, 29, 0, 0.25%, 0, 12, 4, 42.74, 413132, 167
1835, 3, 10, 44, 29, 0, 0.25%, 0, 12, 4, 157.75, 413974, 167
1840, 3, 7, 44, 28, 0, 0.25%, 0, 12, 4, 201.41, 415001, 167
1845, 3, 21, 44, 28, 0, 0.25%, 0, 12, 4, 208.89, 416134, 167
1850, 3, 43, 45, 29, 0, 0.25%, 0, 12, 4, 253.58, 417443, 167
1855, 3, 43, 45, 29, 0, 0.25%, 0, 12, 4, 278.30, 418469, 167
1860, 3, 43, 45, 29, 0, 0.25%, 0, 12, 4, 255.30, 419559, 167
1866, 3, 43, 45, 29, 0, 0.25%, 0, 12, 4, 270.63, 420949, 167
1871, 3, 43, 45, 29, 0, 0.25%, 0, 12, 4, 46.80, 421190, 167
1876, 3, 43, 45, 29, 0, 0.25%, 0, 12, 4, 256.14, 421839, 167
1881, 3, 43, 45, 29, 0, 0.25%, 0, 12, 4, 291.49, 423359, 167
1886, 3, 43, 45, 29, 0, 0.25%, 0, 12, 4, 301.97, 424640, 167
1891, 3, 43, 45, 29, 0, 0.25%, 0, 12, 4, 42.80, 425570, 167
1896, 3, 43, 45, 29, 0, 0.25%, 0, 12, 4, 303.54, 426527, 167
1901, 3, 43, 45, 29, 0, 0.25%, 0, 12, 4, 304.96, 428106, 167
1906, 3, 43, 45, 29, 0, 0.25%, 0, 12, 4, 42.85, 428344, 167
1911, 3, 7, 45, 29, 0, 0.25%, 0, 12, 4, 263.23, 429496, 167
1916, 3, 21, 45, 29, 0, 0.25%, 0, 12, 4, 255.86, 430798, 167
1922, 3, 7, 45, 29, 0, 0.25%, 0, 12, 4, 247.35, 432060, 167
1927, 3, 7, 45, 29, 0, 0.25%, 0, 12, 4, 223.11, 433146, 167
1932, 4, 7, 45, 29, 0, 0.25%, 0, 12, 4, 244.39, 434461, 167
1937, 4, 7, 45, 29, 0, 0.25%, 0, 12, 4, 246.80, 435685, 167
1942, 4, 7, 45, 29, 0, 0.25%, 0, 12, 4, 252.44, 436952, 167
1947, 4, 17, 45, 29, 0, 0.25%, 0, 12, 4, 229.87, 438116, 167
1952, 4, 13, 45, 29, 0, 0.25%, 0, 12, 4, 232.77, 439303, 167
1957, 4, 7, 45, 29, 0, 0.25%, 0, 12, 4, 238.98, 440441, 167
1962, 4, 7, 45, 29, 0, 0.25%, 0, 12, 4, 211.22, 441507, 167
1968, 4, 17, 45, 29, 0, 0.25%, 0, 12, 4, 245.52, 442823, 167
1973, 4, 17, 45, 29, 0, 0.25%, 0, 12, 4, 218.45, 443926, 167
1978, 4, 7, 45, 29, 0, 0.25%, 0, 12, 4, 245.16, 445146, 167
1983, 4, 7, 45, 29, 0, 0.25%, 0, 12, 4, 232.13, 446236, 167
1988, 4, 7, 45, 29, 0, 0.25%, 0, 12, 4, 216.90, 447310, 167
1993, 4, 7, 45, 29, 0, 0.25%, 0, 12, 4, 249.59, 448614, 167
1998, 4, 10, 45, 29, 0, 0.25%, 0, 12, 4, 231.13, 449798, 167
2003, 4, 7, 45, 29, 0, 0.25%, 0, 12, 4, 242.79, 450939, 167
2008, 4, 7, 45, 29, 0, 0.25%, 0, 12, 4, 258.13, 452301, 167
2013, 5, 13, 45, 29, 0, 0.25%, 0, 12, 4, 235.20, 453419, 167
2018, 5, 17, 45, 29, 0, 0.25%, 0, 12, 4, 209.75, 454417, 167
2024, 5, 17, 46, 30, 0, 0.25%, 0, 12, 4, 220.81, 455537, 167
2029, 5, 9, 46, 30, 0, 0.25%, 0, 12, 4, 239.62, 456726, 167
2034, 5, 9, 46, 30, 0, 0.25%, 0, 12, 4, 263.36, 458116, 167
2039, 5, 9, 46, 30, 0, 0.25%, 0, 12, 4, 291.43, 459638, 167
2044, 5, 9, 46, 30, 0, 0.25%, 0, 12, 4, 303.21, 461210, 167
2049, 5, 9, 46, 30, 0, 0.25%, 0, 12, 4, 218.56, 462174, 167
2054, 5, 9, 46, 30, 0, 0.25%, 0, 12, 4, 189.02, 463100, 167
2059, 5, 17, 46, 29, 0, 0.25%, 0, 12, 4, 206.09, 464146, 167
2064, 5, 17, 47, 30, 0, 0.25%, 0, 12, 4, 191.88, 465122, 167
2069, 5, 17, 47, 30, 0, 0.25%, 0, 12, 4, 212.80, 466209, 167
2074, 5, 7, 47, 30, 0, 0.25%, 0, 12, 4, 220.29, 467291, 167
2079, 5, 17, 47, 30, 0, 0.25%, 0, 12, 4, 224.01, 468439, 167
2084, 5, 10, 47, 30, 0, 0.25%, 0, 12, 4, 191.50, 469372, 167
2090, 5, 10, 47, 30, 0, 0.25%, 0, 12, 4, 186.61, 470335, 167
2095, 5, 7, 49, 32, 0, 0.25%, 0, 12, 4, 214.18, 471362, 167
2100, 5, 7, 50, 33, 0, 0.25%, 0, 12, 4, 229.81, 472529, 167
2105, 5, 43, 50, 33, 0, 0.25%, 0, 12, 4, 46.15, 473669, 167
2110, 5, 43, 50, 33, 0, 0.25%, 0, 12, 4, 304.73, 474776, 167
2115, 5, 43, 50, 33, 0, 0.25%, 0, 12, 4, 181.69, 475851, 167
2120, 5, 43, 50, 33, 0, 0.25%, 0, 12, 4, 49.76, 477095, 167
2125, 5, 43, 50, 33, 0, 0.25%, 0, 12, 4, 46.24, 477324, 167
2130, 5, 43, 50, 33, 0, 0.25%, 0, 12, 4, 293.40, 478129, 167
2135, 5, 43, 50, 33, 0, 0.25%, 0, 12, 4, 300.78, 479673, 167
2140, 5, 43, 50, 33, 0, 0.25%, 0, 12, 4, 260.15, 480970, 167
2146, 5, 43, 50, 33, 0, 0.25%, 0, 12, 4, 42.78, 481712, 167
2151, 5, 43, 50, 33, 0, 0.25%, 0, 12, 4, 301.18, 482907, 167
2156, 5, 43, 50, 33, 0, 0.25%, 0, 12, 4, 43.09, 484265, 167
2161, 5, 43, 50, 33, 0, 0.25%, 0, 12, 4, 42.88, 484481, 167
2166, 5, 10, 50, 33, 0, 0.25%, 0, 12, 4, 129.36, 485308, 167
2171, 5, 7, 50, 33, 0, 0.25%, 0, 12, 4, 190.06, 486264, 167
2176, 5, 7, 50, 33, 0, 0.25%, 0, 12, 4, 221.23, 487436, 167
2181, 5, 7, 50, 33, 0, 0.25%, 0, 12, 4, 230.26, 488620, 167
2186, 5, 21, 50, 33, 0, 0.25%, 0, 12, 4, 203.09, 489685, 167
2191, 5, 14, 50, 33, 0, 0.25%, 0, 12, 4, 167.97, 490584, 167
2196, 5, 7, 50, 33, 0, 0.25%, 0, 12, 4, 202.02, 491601, 167
2201, 5, 43, 50, 33, 0, 0.25%, 0, 12, 4, 229.87, 492753, 167
2207, 5, 43, 50, 33, 0, 0.25%, 0, 12, 4, 273.72, 493704, 167
2212, 5, 43, 50, 33, 0, 0.25%, 0, 12, 4, 253.77, 494934, 167
2217, 5, 43, 50, 33, 0, 0.25%, 0, 12, 4, 47.59, 495648, 167
2222, 5, 43, 50, 33, 0, 0.25%, 0, 12, 4, 45.78, 495878, 167
2227, 5, 43, 50, 33, 0, 0.25%, 0, 12, 4, 293.15, 497309, 167
2232, 5, 43, 50, 33, 0, 0.25%, 0, 12, 4, 286.20, 498801, 167
2237, 5, 43, 50, 33, 0, 0.25%, 0, 12, 4, 262.41, 500030, 167
2242, 5, 43, 50, 33, 0, 0.25%, 0, 12, 4, 297.09, 500435, 167
2247, 5, 43, 50, 33, 0, 0.25%, 0, 12, 4, 296.38, 501936, 167
2252, 5, 43, 50, 33, 0, 0.25%, 0, 12, 4, 42.73, 502790, 167
2257, 5, 10, 50, 33, 0, 0.25%, 0, 12, 4, 223.12, 503327, 167
2262, 5, 7, 50, 33, 0, 0.25%, 0, 12, 4, 170.79, 504086, 167
2268, 5, 7, 50, 33, 0, 0.25%, 0, 12, 4, 225.48, 505282, 167
2273, 6, 7, 50, 33, 0, 0.25%, 0, 12, 4, 237.52, 506506, 167
2278, 6, 7, 50, 33, 0, 0.25%, 0, 12, 4, 251.28, 507787, 167
2283, 6, 21, 50, 33, 0, 0.25%, 0, 12, 4, 201.36, 508846, 167
2288, 6, 17, 50, 33, 0, 0.25%, 0, 12, 4, 201.40, 509896, 167
2293, 6, 10, 50, 33, 0, 0.25%, 0, 12, 4, 223.15, 511050, 167
2298, 6, 6, 50, 33, 0, 0.25%, 0, 12, 4, 208.21, 512016, 167
2303, 6, 6, 50, 33, 0, 0.25%, 0, 12, 4, 204.12, 513145, 167
2308, 6, 6, 50, 33, 0, 0.25%, 0, 12, 4, 213.37, 514229, 167
2313, 6, 7, 50, 32, 0, 0.25%, 0, 12, 4, 229.75, 515343, 167
2318, 6, 6, 50, 32, 0, 0.25%, 0, 12, 4, 218.21, 516496, 167
2323, 6, 3, 50, 32, 0, 0.25%, 0, 12, 4, 210.77, 517586, 167
2328, 6, 3, 50, 32, 0, 0.25%, 0, 12, 4, 231.16, 518751, 167
2334, 6, 7, 50, 32, 0, 0.25%, 0, 12, 4, 227.91, 519912, 167
2339, 6, 3, 50, 32, 0, 0.25%, 0, 12, 4, 218.79, 521065, 167
2344, 6, 7, 50, 32, 0, 0.25%, 0, 12, 4, 228.88, 522214, 167
2349, 6, 7, 50, 32, 0, 0.25%, 0, 12, 4, 238.34, 523430, 167
2354, 6, 21, 50, 32, 0, 0.25%, 0, 12, 4, 240.36, 524654, 167
2359, 6, 3, 50, 32, 0, 0.25%, 0, 12, 4, 215.06, 525664, 167
2364, 6, 3, 50, 32, 0, 0.25%, 0, 12, 4, 216.25, 526738, 167
2369, 6, 6, 50, 32, 0, 0.25%, 0, 12, 4, 212.36, 527828, 167
2374, 6, 7, 50, 32, 0, 0.25%, 0, 12, 4, 177.03, 528608, 167
2380, 6, 3, 50, 32, 0, 0.25%, 0, 12, 4, 220.48, 529836, 167
2385, 6, 37, 50, 32, 0, 0.25%, 0, 12, 4, 249.67, 531090, 167
2390, 6, 37, 50, 32, 0, 0.25%, 0, 12, 4, 254.68, 532415, 167
2395, 6, 37, 50, 32, 0, 0.25%, 0, 12, 4, 271.23, 533850, 167
2400, 6, 37, 50, 32, 0, 0.25%, 0, 12, 4, 292.81, 535337, 167
2405, 6, 37, 50, 32, 0, 0.25%, 0, 12, 4, 302.02, 536894, 167
2410, 6, 37, 50, 32, 0, 0.25%, 0, 12, 4, 301.39, 538430, 167
2415, 6, 37, 50, 32, 0, 0.25%, 0, 12, 4, 157.02, 539104, 167
2420, 6, 37, 50, 32, 0, 0.25%, 0, 12, 4, 113.52, 539617, 167
2425, 6, 37, 50, 32, 0, 0.25%, 0, 12, 4, 94.61, 540111, 167
2430, 6, 37, 50, 32, 0, 0.25%, 0, 12, 4, 160.07, 540952, 167
2436, 6, 37, 50, 32, 0, 0.25%, 0, 12, 4, 192.90, 541965, 167
2441, 7, 34, 50, 31, 0, 0.25%, 0, 12, 4, 194.04, 542965, 167
2446, 7, 34, 50, 31, 0, 0.25%, 0, 12, 4, 255.87, 544333, 167
2451, 7, 34, 50, 31, 0, 0.25%, 0, 12, 4, 239.82, 545544, 167
2456, 7, 34, 50, 31, 0, 0.25%, 0, 12, 4, 282.36, 546993, 167
2461, 7, 34, 50, 31, 0, 0.25%, 0, 12, 4, 300.66, 548545, 167
2466, 7, 34, 50, 31, 0, 0.25%, 0, 12, 4, 304.07, 550102, 167
2471, 7, 34, 50, 31, 0, 0.25%, 0, 12, 4, 305.27, 551686, 167
2476, 7, 34, 50, 31, 0, 0.25%, 0, 12, 4, 61.32, 552737, 167
2482, 7, 34, 50, 31, 0, 0.25%, 0, 12, 4, 66.02, 553078, 167
2487, 7, 34, 50, 31, 0, 0.25%, 0, 12, 4, 130.38, 553661, 167
2492, 7, 34, 50, 31, 0, 0.25%, 0, 12, 4, 81.27, 554058, 167
2497, 7, 34, 50, 31, 0, 0.25%, 0, 12, 4, 61.44, 554355, 167
2502, 7, 34, 50, 31, 0, 0.25%, 0, 12, 4, 164.18, 555200, 167
2507, 7, 34, 50, 31, 0, 0.25%, 0, 12, 4, 150.00, 555296, 167
2512, 7, 34, 50, 31, 0, 0.25%, 0, 12, 4, 148.51, 556037, 167
2517, 7, 14, 50, 30, 0, 0.25%, 0, 12, 4, 201.53, 556950, 167
2522, 7, 21, 50, 30, 0, 0.25%, 0, 12, 4, 192.88, 557877, 167
2527, 7, 14, 50, 30, 0, 0.25%, 0, 12, 4, 199.70, 558770, 167
2532, 7, 17, 50, 30, 0, 0.25%, 0, 12, 4, 197.00, 559725, 167
2537, 7, 6, 50, 30, 0, 0.25%, 0, 12, 4, 210.97, 560796, 167
2543, 7, 7, 50, 30, 0, 0.25%, 0, 12, 4, 208.01, 561810, 167
2548, 7, 43, 50, 30, 0, 0.25%, 0, 12, 4, 58.74, 562938, 167
2553, 7, 43, 50, 30, 0, 0.25%, 0, 12, 4, 165.86, 564157, 167
2558, 7, 43, 50, 30, 0, 0.25%, 0, 12, 4, 224.77, 565250, 167
2563, 7, 43, 50, 30, 0, 0.25%, 0, 12, 4, 48.53, 566326, 167
2568, 7, 43, 50, 30, 0, 0.25%, 0, 12, 4, 45.93, 566556, 167
2573, 7, 43, 50, 30, 0, 0.25%, 0, 12, 4, 298.06, 567589, 167
2578, 7, 43, 50, 30, 0, 0.25%, 0, 12, 4, 299.07, 569124, 167
2583, 7, 43, 50, 30, 0, 0.25%, 0, 12, 4, 268.30, 570410, 167
2588, 7, 43, 50, 30, 0, 0.25%, 0, 12, 4, 42.85, 570943, 167
2594, 7, 43, 50, 30, 0, 0.25%, 0, 12, 4, 300.51, 572343, 167
2599, 7, 43, 50, 30, 0, 0.25%, 0, 12, 4, 42.31, 573496, 167
2604, 7, 7, 50, 30, 0, 0.25%, 0, 12, 4, 79.90, 573838, 167
2609, 7, 7, 50, 30, 0, 0.25%, 0, 12, 4, 182.34, 574925, 167
2614, 7, 3, 50, 30, 0, 0.25%, 0, 12, 4, 216.51, 576101, 167
2619, 7, 3, 50, 30, 0, 0.25%, 0, 12, 4, 225.82, 577227, 167
2624, 7, 3, 50, 30, 0, 0.25%, 0, 12, 4, 213.37, 578249, 167
2629, 7, 3, 50, 30, 0, 0.25%, 0, 12, 4, 213.39, 579279, 167
2634, 7, 7, 50, 30, 0, 0.25%, 0, 12, 4, 219.16, 580345, 167
2640, 7, 7, 50, 30, 0, 0.25%, 0, 12, 4, 231.12, 581577, 167
2645, 7, 21, 50, 30, 0, 0.25%, 0, 12, 4, 236.33, 582789, 167
2650, 7, 17, 50, 30, 0, 0.25%, 0, 12, 4, 216.93, 583870, 167
2655, 7, 7, 50, 30, 0, 0.25%, 0, 12, 4, 237.57, 585072, 167
2660, 7, 7, 51, 31, 0, 0.25%, 0, 12, 4, 231.25, 586288, 167
2665, 7, 3, 51, 31, 0, 0.25%, 0, 12, 4, 247.69, 587551, 167
2670, 7, 3, 51, 31, 0, 0.25%, 0, 12, 4, 218.17, 588573, 167
2675, 7, 7, 51, 31, 0, 0.25%, 0, 12, 4, 228.84, 589719, 167
2681, 8, 14, 51, 31, 0, 0.25%, 0, 12, 4, 181.92, 590628, 167
2686, 8, 3, 51, 31, 0, 0.25%, 0, 12, 4, 219.58, 591794, 167
2691, 8, 7, 51, 31, 0, 0.25%, 0, 12, 4, 232.57, 592935, 167
2696, 8, 17, 51, 31, 0, 0.25%, 0, 12, 4, 229.38, 594120, 167
2701, 8, 3, 51, 31, 0, 0.25%, 0, 12, 4, 215.03, 595187, 167
2706, 8, 21, 51, 31, 0, 0.25%, 0, 12, 4, 215.81, 596321, 167
2711, 8, 2, 52, 32, 0, 0.25%, 0, 12, 4, 249.16, 597574, 167
2716, 8, 2, 52, 32, 0, 0.25%, 0, 12, 4, 246.25, 598762, 167
2721, 8, 35, 52, 31, 0, 0.25%, 0, 12, 4, 244.18, 599905, 167
2726, 8, 35, 52, 31, 0, 0.25%, 0, 12, 4, 271.01, 601275, 167
2731, 8, 35, 52, 31, 0, 0.25%, 0, 12, 4, 259.47, 602540, 167
2736, 8, 35, 52, 31, 0, 0.25%, 0, 12, 4, 275.46, 603940, 167
2741, 8, 35, 52, 31, 0, 0.25%, 0, 12, 4, 291.57, 605474, 167
2747, 8, 35, 52, 31, 0, 0.25%, 0, 12, 4, 299.34, 607034, 167
2752, 8, 35, 52, 31, 0, 0.25%, 0, 12, 4, 299.17, 608558, 167
2757, 8, 35, 52, 31, 0, 0.25%, 0, 12, 4, 46.95, 609855, 167
2762, 8, 35, 52, 31, 0, 0.25%, 0, 12, 4, 137.83, 610376, 167
2767, 8, 35, 52, 31, 0, 0.25%, 0, 12, 4, 111.86, 610878, 167
2772, 8, 35, 52, 31, 0, 0.25%, 0, 12, 4, 106.21, 611447, 167
2777, 8, 35, 52, 31, 0, 0.25%, 0, 12, 4, 91.99, 611888, 167
2782, 8, 35, 52, 31, 0, 0.25%, 0, 12, 4, 170.22, 612853, 167
2787, 8, 35, 52, 31, 0, 0.25%, 0, 12, 4, 183.81, 613816, 167
2792, 8, 35, 52, 31, 0, 0.25%, 0, 12, 4, 186.34, 614760, 167
2797, 8, 7, 52, 30, 0, 0.25%, 0, 12, 4, 212.93, 615869, 167
2802, 8, 24, 52, 30, 0, 0.25%, 0, 12, 4, 244.98, 617134, 167
2808, 8, 24, 52, 30, 0, 0.25%, 0, 12, 4, 274.03, 618569, 167
2813, 8, 24, 52, 30, 0, 0.25%, 0, 12, 4, 295.40, 620134, 167
2818, 8, 24, 52, 30, 0, 0.25%, 0, 12, 4, 197.19, 621098, 167
2823, 8, 24, 52, 30, 0, 0.25%, 0, 12, 4, 121.08, 621559, 167
2828, 8, 24, 52, 30, 0, 0.25%, 0, 12, 4, 169.52, 622435, 167
2833, 8, 24, 52, 30, 0, 0.25%, 0, 12, 4, 189.42, 623392, 167
2838, 8, 7, 52, 29, 0, 0.25%, 0, 12, 4, 227.57, 624590, 167
2843, 8, 6, 52, 29, 0, 0.25%, 0, 12, 4, 195.35, 625574, 167
2848, 8, 7, 52, 29, 0, 0.25%, 0, 12, 4, 237.59, 626824, 167
2854, 8, 7, 52, 29, 0, 0.25%, 0, 12, 4, 209.23, 627850, 167
2859, 8, 21, 52, 29, 0, 0.25%, 0, 12, 4, 221.63, 628978, 167
2864, 8, 21, 52, 29, 0, 0.25%, 0, 12, 4, 208.56, 630017, 167
2869, 8, 13, 52, 29, 0, 0.25%, 0, 12, 4, 184.41, 630956, 167
2874, 8, 3, 52, 29, 0, 0.25%, 0, 12, 4, 198.61, 631981, 167
2879, 8, 5, 52, 29, 0, 0.25%, 0, 12, 4, 229.13, 633199, 167
2884, 8, 17, 52, 29, 0, 0.25%, 0, 12, 4, 229.09, 634395, 167
2889, 8, 3, 52, 29, 0, 0.25%, 0, 12, 4, 232.49, 635541, 167
2894, 8, 7, 52, 29, 0, 0.25%, 0, 12, 4, 232.42, 636714, 167
2899, 8, 29, 52, 29, 0, 0.25%, 0, 12, 4, 268.02, 638047, 167
2904, 8, 29, 52, 29, 0, 0.25%, 0, 12, 4, 290.10, 639524, 167
2909, 8, 29, 52, 29, 0, 0.25%, 0, 12, 4, 298.68, 641033, 167
2914, 8, 29, 52, 29, 0, 0.25%, 0, 12, 4, 299.00, 642576, 167
2919, 8, 29, 52, 29, 0, 0.25%, 0, 12, 4, 192.50, 643404, 167
2924, 8, 29, 52, 29, 0, 0.25%, 0, 12, 4, 233.90, 644612, 167
2930, 8, 29, 52, 29, 0, 0.25%, 0, 12, 4, 221.55, 645680, 167
2935, 8, 29, 52, 29, 0, 0.25%, 0, 12, 4, 219.55, 646760, 167
2940, 9, 21, 52, 28, 0, 0.25%, 0, 12, 4, 191.03, 647710, 167
2945, 9, 7, 52, 28, 0, 0.25%, 0, 12, 4, 211.64, 648778, 167
2950, 9, 3, 52, 28, 0, 0.25%, 0, 12, 4, 211.36, 649906, 167
2955, 9, 7, 52, 28, 0, 0.25%, 0, 12, 4, 228.25, 651052, 167
2960, 9, 7, 52, 28, 0, 0.25%, 0, 12, 4, 235.54, 652224, 167
2965, 9, 7, 52, 28, 0, 0.25%, 0, 12, 4, 240.24, 653461, 167
2970, 9, 3, 52, 28, 0, 0.25%, 0, 12, 4, 227.54, 654613, 167
2975, 9, 7, 52, 28, 0, 0.25%, 0, 12, 4, 224.89, 655759, 167
2981, 9, 6, 52, 28, 0, 0.25%, 0, 12, 4, 221.12, 656892, 167
2986, 9, 21, 52, 28, 0, 0.25%, 0, 12, 4, 181.47, 657740, 167
2991, 9, 7, 52, 28, 0, 0.25%, 0, 12, 4, 191.45, 658757, 167
2996, 9, 19, 52, 28, 0, 0.25%, 0, 12, 4, 222.84, 659923, 167
3001, 9, 19, 52, 28, 0, 0.25%, 0, 12, 4, 247.40, 661217, 167
3006, 9, 19, 52, 28, 0, 0.25%, 0, 12, 4, 276.73, 662637, 167
3011, 9, 19, 52, 28, 0, 0.25%, 0, 12, 4, 295.58, 664145, 167
3016, 9, 19, 52, 28, 0, 0.25%, 0, 12, 4, 189.82, 665061, 167
3021, 9, 19, 52, 28, 0, 0.25%, 0, 12, 4, 125.09, 665568, 167
3026, 9, 19, 52, 28, 0, 0.25%, 0, 12, 4, 122.96, 666093, 167
3031, 9, 19, 52, 28, 0, 0.25%, 0, 12, 4, 182.60, 667098, 167
3036, 9, 14, 52, 27, 0, 0.25%, 0, 12, 4, 205.22, 668145, 167
3041, 9, 7, 52, 27, 0, 0.25%, 0, 12, 4, 205.32, 669148, 167
3046, 9, 7, 52, 27, 0, 0.25%, 0, 12, 4, 243.82, 670455, 167
3051, 9, 43, 52, 27, 0, 0.25%, 0, 12, 4, 297.25, 671579, 167
3057, 9, 43, 52, 27, 0, 0.25%, 0, 12, 4, 47.14, 672715, 167
3062, 9, 43, 52, 27, 0, 0.25%, 0, 12, 4, 252.71, 673855, 167
3067, 9, 43, 52, 27, 0, 0.25%, 0, 12, 4, 48.31, 674876, 167
3072, 9, 43, 52, 27, 0, 0.25%, 0, 12, 4, 45.80, 675106, 167
3077, 9, 43, 52, 27, 0, 0.25%, 0, 12, 4, 286.84, 676105, 167
3082, 9, 43, 52, 27, 0, 0.25%, 0, 12, 4, 295.70, 677605, 167
3087, 9, 43, 52, 27, 0, 0.25%, 0, 12, 4, 296.41, 678851, 167
3092, 9, 43, 52, 27, 0, 0.25%, 0, 12, 4, 42.84, 679466, 167
3097, 9, 43, 52, 27, 0, 0.25%, 0, 12, 4, 299.63, 680736, 167
3102, 9, 43, 52, 27, 0, 0.25%, 0, 12, 4, 45.54, 682018, 167
3107, 9, 7, 52, 27, 0, 0.25%, 0, 12, 4, 240.00, 682282, 167
3113, 9, 7, 52, 27, 0, 0.25%, 0, 12, 4, 238.63, 683516, 167
3118, 9, 7, 52, 27, 0, 0.25%, 0, 12, 4, 235.69, 684716, 167
3123, 10, 7, 52, 27, 0, 0.25%, 0, 12, 4, 235.69, 685908, 167
3128, 10, 25, 52, 27, 0, 0.25%, 0, 12, 4, 273.55, 687287, 167
3133, 10, 25, 52, 27, 0, 0.25%, 0, 12, 4, 256.94, 688517, 167
3138, 10, 25, 52, 27, 0, 0.25%, 0, 12, 4, 291.31, 690026, 167
3143, 10, 25, 52, 27, 0, 0.25%, 0, 12, 4, 155.16, 690737, 167
3148, 10, 25, 52, 27, 0, 0.25%, 0, 12, 4, 97.49, 691140, 167
3153, 10, 25, 52, 27, 0, 0.25%, 0, 12, 4, 63.61, 691423, 167
3158, 10, 25, 52, 27, 0, 0.25%, 0, 12, 4, 148.47, 692174, 167
3163, 10, 25, 52, 27, 0, 0.25%, 0, 12, 4, 158.59, 693072, 167
3168, 10, 7, 52, 26, 0, 0.25%, 0, 12, 4, 206.41, 694195, 167
3173, 10, 36, 52, 26, 0, 0.25%, 0, 12, 4, 217.90, 695340, 167
3178, 10, 36, 52, 26, 0, 0.25%, 0, 12, 4, 253.74, 696702, 167
3184, 10, 36, 52, 26, 0, 0.25%, 0, 12, 4, 286.42, 698167, 167
3189, 10, 36, 52, 26, 0, 0.25%, 0, 12, 4, 140.80, 698752, 167
3194, 10, 36, 52, 26, 0, 0.25%, 0, 12, 4, 82.41, 699151, 167
3199, 10, 36, 52, 26, 0, 0.25%, 0, 12, 4, 201.51, 700310, 167
3204, 10, 36, 52, 26, 0, 0.25%, 0, 12, 4, 212.43, 701422, 167
3209, 10, 43, 52, 25, 0, 0.25%, 0, 12, 4, 199.32, 702435, 167
3214, 10, 43, 52, 25, 0, 0.25%, 0, 12, 4, 233.87, 703626, 167
3219, 10, 43, 52, 25, 0, 0.25%, 0, 12, 4, 231.55, 704701, 167
3224, 10, 43, 52, 25, 0, 0.25%, 0, 12, 4, 48.81, 705852, 167
3229, 10, 43, 52, 25, 0, 0.25%, 0, 12, 4, 46.02, 706082, 167
3235, 10, 43, 52, 25, 0, 0.25%, 0, 12, 4, 283.85, 706970, 167
3240, 10, 43, 52, 25, 0, 0.25%, 0, 12, 4, 295.57, 708475, 167
3245, 10, 43, 52, 25, 0, 0.25%, 0, 12, 4, 258.97, 709766, 167
3250, 10, 43, 52, 25, 0, 0.25%, 0, 12, 4, 42.88, 710463, 167
3255, 10, 43, 52, 25, 0, 0.25%, 0, 12, 4, 298.60, 711641, 167
3260, 10, 43, 52, 25, 0, 0.25%, 0, 12, 4, 42.90, 713010, 167
3265, 10, 43, 52, 25, 0, 0.25%, 0, 12, 4, 42.81, 713226, 167
3270, 10, 7, 52, 25, 0, 0.25%, 0, 12, 4, 231.14, 714340, 167
3275, 10, 3, 53, 26, 0, 0.25%, 0, 12, 4, 201.32, 715381, 167
3280, 10, 21, 53, 26, 0, 0.25%, 0, 12, 4, 215.71, 716535, 167
3286, 10, 7, 53, 26, 0, 0.25%, 0, 12, 4, 207.13, 717594, 167
3291, 10, 7, 53, 26, 0, 0.25%, 0, 12, 4, 201.52, 718612, 167
3296, 10, 7, 53, 26, 0, 0.25%, 0, 12, 4, 222.93, 719764, 167
3301, 10, 3, 53, 26, 0, 0.25%, 0, 12, 4, 236.89, 721004, 167
3306, 10, 17, 53, 26, 0, 0.25%, 0, 12, 4, 213.06, 722042, 167
3311, 10, 7, 53, 26, 0, 0.25%, 0, 12, 4, 231.98, 723164, 167
3316, 10, 7, 53, 26, 0, 0.25%, 0, 12, 4, 229.33, 724304, 167
3321, 10, 7, 53, 26, 0, 0.25%, 0, 12, 4, 234.76, 725496, 167
3326, 10, 5, 53, 26, 0, 0.25%, 0, 12, 4, 236.65, 726688, 167
3331, 10, 7, 53, 26, 0, 0.25%, 0, 12, 4, 240.21, 727908, 167
3337, 10, 35, 53, 26, 0, 0.25%, 0, 12, 4, 203.58, 728930, 167
3342, 10, 7, 53, 26, 0, 0.25%, 0, 12, 4, 215.46, 730003, 167
3347, 10, 13, 53, 26, 0, 0.25%, 0, 12, 4, 206.02, 731057, 167
3352, 11, 43, 53, 26, 0, 0.25%, 0, 12, 4, 48.68, 732207, 167
3357, 11, 43, 53, 26, 0, 0.25%, 0, 12, 4, 301.89, 733420, 167
3362, 11, 43, 53, 26, 0, 0.25%, 0, 12, 4, 261.34, 734465, 167
3367, 11, 43, 53, 26, 0, 0.25%, 0, 12, 4, 49.21, 735618, 167
3372, 11, 43, 53, 26, 0, 0.25%, 0, 12, 4, 46.07, 735849, 167
3377, 11, 43, 53, 26, 0, 0.25%, 0, 12, 4, 288.29, 736740, 167
3382, 11, 43, 53, 26, 0, 0.25%, 0, 12, 4, 301.38, 738293, 167
3387, 11, 43, 53, 26, 0, 0.25%, 0, 12, 4, 266.10, 739606, 167
3393, 11, 43, 53, 26, 0, 0.25%, 0, 12, 4, 42.75, 740236, 167
3398, 11, 43, 53, 26, 0, 0.25%, 0, 12, 4, 304.34, 741533, 167
3403, 11, 43, 53, 26, 0, 0.25%, 0, 12, 4, 42.92, 742793, 167
3408, 11, 7, 53, 26, 0, 0.25%, 0, 12, 4, 64.15, 743079, 167
3413, 11, 6, 53, 26, 0, 0.25%, 0, 12, 4, 185.64, 744212, 167
3418, 11, 7, 53, 26, 0, 0.25%, 0, 12, 4, 189.81, 745154, 167
3423, 11, 17, 53, 26, 0, 0.25%, 0, 12, 4, 214.34, 746290, 167
3428, 11, 6, 53, 26, 0, 0.25%, 0, 12, 4, 201.24, 747282, 167
3433, 11, 7, 53, 26, 0, 0.25%, 0, 12, 4, 216.04, 748288, 167
3438, 11, 18, 53, 26, 0, 0.25%, 0, 12, 4, 42.83, 749202, 167
3444, 11, 18, 53, 26, 0, 0.25%, 0, 12, 4, 274.39, 750592, 167
3449, 11, 18, 53, 26, 0, 0.25%, 0, 12, 4, 216.94, 751830, 167
3454, 11, 18, 53, 26, 0, 0.25%, 0, 12, 4, 105.68, 752225, 167
3459, 11, 18, 53, 26, 0, 0.25%, 0, 12, 4, 140.56, 752842, 167
3464, 11, 18, 53, 26, 0, 0.25%, 0, 12, 4, 203.44, 753930, 167
3469, 11, 18, 53, 25, 0, 0.25%, 0, 12, 4, 181.58, 754852, 167
3474, 11, 18, 53, 25, 0, 0.25%, 0, 12, 4, 187.07, 755854, 167
3479, 11, 21, 53, 25, 0, 0.25%, 0, 12, 4, 207.12, 756929, 167
3484, 11, 6, 53, 25, 0, 0.25%, 0, 12, 4, 190.21, 757927, 167
3489, 11, 43, 53, 25, 0, 0.25%, 0, 12, 4, 206.45, 758928, 167
3495, 11, 43, 53, 25, 0, 0.25%, 0, 12, 4, 46.75, 759959, 167
3500, 11, 43, 53, 25, 0, 0.25%, 0, 12, 4, 264.85, 761189, 167
3505, 11, 43, 53, 25, 0, 0.25%, 0, 12, 4, 48.40, 762125, 167
3510, 11, 43, 53, 25, 0, 0.25%, 0, 12, 4, 46.70, 762358, 167
3515, 11, 43, 53, 25, 0, 0.25%, 0, 12, 4, 298.44, 763614, 167
3520, 11, 43, 53, 25, 0, 0.25%, 0, 12, 4, 298.66, 765169, 167
3525, 11, 43, 53, 25, 0, 0.25%, 0, 12, 4, 301.41, 766440, 167
3530, 11, 43, 53, 25, 0, 0.25%, 0, 12, 4, 300.00, 766828, 167
3535, 11, 43, 53, 25, 0, 0.25%, 0, 12, 4, 298.40, 768341, 167
3541, 11, 43, 53, 25, 0, 0.25%, 0, 12, 4, 42.79, 769287, 167
3546, 11, 7, 53, 25, 0, 0.25%, 0, 12, 4, 100.84, 769729, 167
3551, 11, 7, 53, 25, 0, 0.25%, 0, 12, 4, 171.48, 770685, 167
3556, 11, 7, 53, 25, 0, 0.25%, 0, 12, 4, 194.23, 771756, 167
3561, 11, 6, 53, 25, 0, 0.25%, 0, 12, 4, 171.02, 772674, 167
3566, 11, 21, 53, 25, 0, 0.25%, 0, 12, 4, 228.38, 773874, 167
3571, 11, 7, 53, 25, 0, 0.25%, 0, 12, 4, 222.31, 774936, 167
3576, 11, 7, 53, 25, 0, 0.25%, 0, 12, 4, 213.70, 776020, 167
3581, 11, 43, 53, 25, 0, 0.25%, 0, 12, 4, 47.34, 777080, 167
3586, 11, 43, 53, 25, 0, 0.25%, 0, 12, 4, 273.56, 778182, 167
3592, 11, 43, 53, 25, 0, 0.25%, 0, 12, 4, 271.33, 779514, 167
3597, 11, 43, 53, 25, 0, 0.25%, 0, 12, 4, 47.24, 779993, 167
3600, 11, 43, 53, 25, 0, 0.25%, 0, 12, 4, 45.77, 780120, 167
