# relative_time, cycles_done, cur_item, corpus_count, pending_total, pending_favs, map_size, saved_crashes, saved_hangs, max_depth, execs_per_sec, total_execs, edges_found
62, 0, 1, 12, 11, 1, 0.24%, 0, 6, 2, 295.82, 16939, 155
67, 0, 1, 12, 11, 1, 0.24%, 0, 6, 2, 288.72, 18414, 155
72, 0, 1, 12, 11, 1, 0.24%, 0, 6, 2, 289.78, 19909, 155
77, 0, 1, 13, 12, 1, 0.25%, 0, 6, 2, 299.03, 21426, 161
82, 0, 1, 13, 12, 1, 0.25%, 0, 6, 2, 297.35, 22921, 161
88, 0, 1, 13, 12, 1, 0.25%, 0, 6, 2, 295.14, 24411, 161
93, 0, 1, 13, 12, 1, 0.25%, 0, 6, 2, 298.28, 25931, 161
98, 0, 1, 14, 13, 1, 0.25%, 0, 6, 2, 298.69, 27418, 162
103, 0, 1, 14, 13, 1, 0.25%, 0, 6, 2, 295.75, 28903, 162
108, 0, 1, 14, 13, 1, 0.25%, 0, 6, 2, 299.71, 30418, 162
113, 0, 1, 14, 13, 1, 0.25%, 0, 6, 2, 301.20, 31978, 162
118, 0, 1, 14, 13, 1, 0.25%, 0, 6, 2, 296.47, 33468, 162
123, 0, 1, 14, 13, 1, 0.25%, 0, 6, 2, 295.44, 34948, 162
128, 0, 1, 14, 13, 1, 0.25%, 0, 6, 2, 294.64, 36433, 162
133, 0, 1, 14, 13, 1, 0.25%, 0, 6, 2, 295.73, 37933, 162
138, 0, 1, 14, 13, 1, 0.25%, 0, 6, 2, 291.54, 39433, 162
143, 0, 1, 14, 13, 1, 0.25%, 0, 6, 2, 296.91, 40958, 162
148, 0, 1, 14, 13, 1, 0.25%, 0, 6, 2, 295.61, 42438, 162
153, 0, 1, 14, 13, 1, 0.25%, 0, 6, 2, 297.46, 43933, 162
159, 0, 1, 14, 13, 1, 0.25%, 0, 6, 2, 295.33, 45453, 162
164, 0, 1, 14, 13, 1, 0.25%, 0, 6, 2, 294.20, 46968, 162
169, 0, 1, 14, 13, 1, 0.25%, 0, 6, 2, 291.99, 48458, 162
174, 0, 1, 14, 13, 1, 0.25%, 0, 6, 2, 294.12, 49958, 162
179, 0, 1, 14, 13, 1, 0.25%, 0, 6, 2, 295.01, 51463, 162
184, 0, 1, 14, 13, 1, 0.25%, 0, 6, 2, 295.55, 52973, 162
189, 0, 1, 14, 13, 1, 0.25%, 0, 6, 2, 295.49, 54493, 162
194, 0, 1, 14, 13, 1, 0.25%, 0, 6, 2, 299.78, 56028, 162
199, 0, 1, 14, 13, 1, 0.25%, 0, 6, 2, 298.30, 57544, 162
204, 0, 1, 14, 13, 1, 0.25%, 0, 6, 2, 298.04, 59028, 162
210, 0, 1, 14, 13, 1, 0.25%, 0, 6, 2, 295.28, 60553, 162
215, 0, 1, 14, 13, 1, 0.25%, 0, 6, 2, 296.30, 62058, 162
220, 0, 1, 14, 13, 1, 0.25%, 0, 6, 2, 292.29, 63583, 162
225, 0, 1, 14, 13, 1, 0.25%, 0, 6, 2, 296.44, 65083, 162
230, 0, 1, 14, 13, 1, 0.25%, 0, 6, 2, 297.40, 66623, 162
235, 0, 1, 14, 13, 1, 0.25%, 0, 6, 2, 299.70, 68143, 162
241, 0, 1, 14, 13, 1, 0.25%, 0, 7, 2, 10.40, 69579, 162
246, 0, 1, 14, 13, 1, 0.25%, 0, 7, 2, 287.94, 71064, 162
251, 0, 1, 14, 13, 1, 0.25%, 0, 7, 2, 298.89, 72594, 162
256, 0, 1, 14, 13, 1, 0.25%, 0, 7, 2, 293.08, 74119, 162
261, 0, 1, 14, 13, 1, 0.25%, 0, 7, 2, 293.33, 75599, 162
267, 0, 1, 14, 13, 1, 0.25%, 0, 7, 2, 288.91, 77084, 162
272, 0, 1, 14, 13, 1, 0.25%, 0, 7, 2, 292.10, 78589, 162
277, 0, 1, 14, 13, 1, 0.25%, 0, 7, 2, 292.89, 80109, 162
282, 0, 1, 14, 13, 1, 0.25%, 0, 8, 2, 298.15, 81310, 162
287, 0, 1, 14, 13, 1, 0.25%, 0, 8, 2, 297.96, 82830, 162
292, 0, 1, 14, 13, 1, 0.25%, 0, 8, 2, 297.60, 84315, 162
297, 0, 1, 14, 13, 1, 0.25%, 0, 8, 2, 296.60, 85805, 162
302, 0, 1, 14, 13, 1, 0.25%, 0, 8, 2, 294.99, 87310, 162
307, 0, 1, 14, 13, 1, 0.25%, 0, 8, 2, 294.38, 88810, 162
312, 0, 1, 14, 13, 1, 0.25%, 0, 8, 2, 292.85, 90290, 162
317, 0, 1, 14, 13, 1, 0.25%, 0, 8, 2, 291.18, 91765, 162
322, 0, 1, 14, 13, 1, 0.25%, 0, 8, 2, 293.65, 93255, 162
328, 0, 1, 14, 13, 1, 0.25%, 0, 8, 2, 288.35, 94725, 162
333, 0, 1, 14, 13, 1, 0.25%, 0, 8, 2, 292.66, 96210, 162
338, 0, 1, 14, 13, 1, 0.25%, 0, 8, 2, 292.24, 97710, 162
343, 0, 1, 14, 13, 1, 0.25%, 0, 8, 2, 294.45, 99210, 162
348, 0, 1, 14, 13, 1, 0.25%, 0, 8, 2, 296.22, 100700, 162
353, 0, 1, 14, 13, 1, 0.25%, 0, 8, 2, 293.76, 102180, 162
358, 0, 1, 14, 13, 1, 0.25%, 0, 8, 2, 297.73, 103685, 162
363, 0, 1, 14, 13, 1, 0.25%, 0, 8, 2, 296.37, 105180, 162
368, 0, 1, 14, 13, 1, 0.25%, 0, 8, 2, 295.81, 106690, 162
373, 0, 1, 14, 13, 1, 0.25%, 0, 8, 2, 296.71, 108230, 162
378, 0, 1, 14, 13, 1, 0.25%, 0, 8, 2, 295.87, 109745, 162
383, 0, 1, 14, 13, 1, 0.25%, 0, 8, 2, 295.38, 111230, 162
388, 0, 1, 14, 13, 1, 0.25%, 0, 8, 2, 299.85, 112755, 162
393, 0, 1, 14, 13, 1, 0.25%, 0, 8, 2, 297.44, 114245, 162
399, 0, 1, 14, 13, 1, 0.25%, 0, 8, 2, 298.08, 115800, 162
404, 0, 1, 14, 13, 1, 0.25%, 0, 8, 2, 294.38, 117280, 162
409, 0, 1, 14, 13, 1, 0.25%, 0, 8, 2, 287.75, 118775, 162
414, 0, 1, 14, 13, 1, 0.25%, 0, 8, 2, 294.04, 120315, 162
419, 0, 1, 14, 13, 1, 0.25%, 0, 8, 2, 291.31, 121815, 162
424, 0, 1, 14, 13, 1, 0.25%, 0, 8, 2, 293.37, 123325, 162
430, 0, 1, 14, 13, 1, 0.25%, 0, 8, 2, 294.83, 124825, 162
435, 0, 1, 14, 13, 1, 0.25%, 0, 8, 2, 290.89, 126315, 162
440, 0, 1, 14, 13, 1, 0.25%, 0, 8, 2, 293.02, 127835, 162
445, 0, 1, 14, 13, 1, 0.25%, 0, 8, 2, 294.55, 129340, 162
450, 0, 1, 14, 13, 1, 0.25%, 0, 8, 2, 293.09, 130830, 162
455, 0, 1, 14, 13, 1, 0.25%, 0, 8, 2, 293.37, 132337, 162
460, 0, 3, 16, 14, 8, 0.25%, 0, 9, 2, 296.20, 133491, 162
465, 0, 3, 16, 14, 8, 0.25%, 0, 9, 2, 292.48, 134997, 162
470, 0, 9, 17, 14, 7, 0.25%, 0, 10, 3, 285.38, 136095, 162
475, 0, 9, 19, 16, 7, 0.25%, 0, 10, 3, 289.92, 137568, 163
480, 0, 9, 19, 16, 7, 0.25%, 0, 10, 3, 278.70, 138963, 163
486, 0, 9, 19, 16, 7, 0.25%, 0, 10, 3, 272.29, 140363, 163
491, 0, 9, 20, 17, 7, 0.25%, 0, 10, 3, 271.24, 141780, 163
496, 0, 9, 20, 17, 7, 0.25%, 0, 10, 3, 274.54, 143215, 163
501, 0, 9, 20, 17, 7, 0.25%, 0, 10, 3, 276.07, 144630, 163
506, 0, 11, 21, 17, 7, 0.25%, 0, 10, 3, 262.55, 145986, 163
511, 0, 11, 22, 18, 7, 0.25%, 0, 10, 3, 272.29, 147391, 163
516, 0, 11, 24, 20, 7, 0.25%, 0, 10, 3, 283.59, 148870, 163
522, 0, 11, 25, 21, 7, 0.25%, 0, 10, 3, 273.42, 150267, 163
527, 0, 11, 25, 21, 7, 0.25%, 0, 10, 3, 268.37, 151672, 163
532, 0, 11, 25, 21, 7, 0.25%, 0, 10, 3, 277.43, 153112, 163
537, 0, 11, 25, 21, 7, 0.25%, 0, 10, 3, 285.78, 154567, 163
542, 0, 11, 25, 21, 7, 0.25%, 0, 10, 3, 276.11, 155942, 163
547, 0, 11, 25, 21, 7, 0.25%, 0, 10, 3, 285.43, 157387, 163
552, 0, 11, 25, 21, 7, 0.25%, 0, 10, 3, 273.72, 158747, 163
557, 0, 11, 25, 21, 7, 0.25%, 0, 10, 3, 276.36, 160172, 163
562, 0, 11, 25, 21, 7, 0.25%, 0, 10, 3, 276.42, 161592, 163
568, 0, 11, 25, 21, 7, 0.25%, 0, 10, 3, 273.17, 163027, 163
573, 0, 8, 25, 20, 6, 0.25%, 0, 10, 3, 268.04, 164328, 163
578, 0, 8, 25, 20, 6, 0.25%, 0, 10, 3, 251.89, 165595, 163
583, 0, 10, 26, 20, 5, 0.25%, 0, 10, 3, 281.37, 167000, 163
588, 0, 10, 26, 20, 5, 0.25%, 0, 10, 3, 283.95, 168486, 163
593, 0, 7, 26, 19, 4, 0.25%, 0, 10, 3, 259.36, 169767, 163
598, 0, 7, 26, 19, 4, 0.25%, 0, 10, 3, 271.38, 171176, 163
603, 0, 7, 26, 19, 4, 0.25%, 0, 10, 3, 286.86, 172640, 163
608, 0, 7, 26, 19, 4, 0.25%, 0, 10, 3, 298.27, 174161, 163
613, 0, 7, 26, 19, 4, 0.25%, 0, 10, 3, 276.34, 175571, 163
619, 0, 7, 27, 20, 4, 0.25%, 0, 10, 3, 235.52, 176763, 163
624, 0, 13, 28, 20, 3, 0.25%, 0, 10, 3, 264.75, 178118, 163
629, 0, 13, 28, 20, 3, 0.25%, 0, 10, 3, 289.93, 179633, 163
634, 0, 13, 28, 20, 3, 0.25%, 0, 10, 3, 270.32, 180973, 163
639, 0, 17, 28, 19, 2, 0.25%, 0, 10, 3, 274.40, 182341, 163
644, 0, 17, 28, 19, 2, 0.25%, 0, 10, 3, 296.36, 183876, 163
649, 0, 17, 28, 19, 2, 0.25%, 0, 10, 3, 288.97, 185379, 163
654, 0, 17, 29, 20, 2, 0.25%, 0, 10, 4, 275.57, 186756, 163
659, 0, 12, 29, 19, 1, 0.25%, 0, 10, 4, 263.29, 188060, 163
664, 0, 12, 29, 19, 1, 0.25%, 0, 10, 4, 294.12, 189602, 163
669, 0, 12, 29, 19, 1, 0.25%, 0, 10, 4, 270.39, 190973, 163
674, 0, 11, 29, 18, 0, 0.25%, 0, 10, 4, 264.33, 192305, 163
679, 0, 13, 29, 18, 0, 0.25%, 0, 10, 4, 267.42, 193619, 163
685, 0, 11, 29, 18, 0, 0.25%, 0, 10, 4, 249.42, 194951, 163
690, 0, 29, 31, 20, 1, 0.25%, 0, 10, 4, 248.48, 196231, 165
695, 0, 29, 33, 22, 1, 0.25%, 0, 10, 4, 149.17, 196828, 165
700, 0, 29, 33, 22, 1, 0.25%, 0, 10, 4, 181.62, 197680, 165
705, 0, 29, 33, 22, 1, 0.25%, 0, 10, 4, 74.66, 197921, 165
710, 0, 29, 33, 22, 1, 0.25%, 0, 10, 4, 53.17, 198162, 165
715, 0, 29, 33, 22, 1, 0.25%, 0, 10, 4, 150.16, 198816, 165
720, 0, 29, 33, 22, 1, 0.25%, 0, 11, 4, 29.42, 199539, 165
725, 0, 29, 33, 22, 1, 0.25%, 0, 11, 4, 39.91, 199755, 165
731, 0, 11, 33, 21, 1, 0.25%, 0, 11, 4, 254.95, 200982, 165
736, 0, 32, 33, 21, 1, 0.25%, 0, 11, 4, 167.15, 201781, 165
741, 0, 32, 34, 22, 1, 0.25%, 0, 11, 5, 124.27, 202334, 165
746, 0, 32, 35, 23, 1, 0.25%, 0, 11, 5, 109.15, 203033, 165
751, 0, 32, 35, 23, 1, 0.25%, 0, 11, 5, 60.64, 203274, 165
756, 0, 32, 35, 23, 1, 0.25%, 0, 11, 5, 49.93, 203513, 165
761, 0, 32, 36, 24, 1, 0.25%, 0, 11, 5, 142.18, 204410, 165
766, 0, 32, 36, 24, 1, 0.25%, 0, 11, 5, 91.41, 204920, 165
771, 0, 11, 36, 23, 0, 0.25%, 0, 11, 5, 183.22, 205795, 165
777, 0, 11, 37, 24, 0, 0.25%, 0, 11, 5, 235.94, 207053, 165
782, 0, 11, 39, 26, 0, 0.25%, 0, 11, 5, 251.93, 208411, 165
787, 0, 11, 39, 26, 0, 0.25%, 0, 11, 5, 261.46, 209746, 165
792, 0, 11, 39, 26, 0, 0.25%, 0, 11, 5, 242.77, 210981, 165
797, 0, 3, 39, 26, 0, 0.25%, 0, 11, 5, 246.26, 212244, 165
802, 0, 11, 39, 26, 0, 0.25%, 0, 11, 5, 243.30, 213482, 165
807, 0, 11, 39, 26, 0, 0.25%, 0, 11, 5, 254.47, 214792, 165
812, 0, 11, 39, 26, 0, 0.25%, 0, 11, 5, 255.72, 216090, 165
817, 0, 11, 39, 26, 0, 0.25%, 0, 11, 5, 254.01, 217413, 165
822, 0, 11, 39, 26, 0, 0.25%, 0, 11, 5, 252.49, 218712, 165
828, 0, 11, 40, 27, 0, 0.28%, 0, 11, 5, 253.62, 220046, 181
833, 0, 39, 41, 28, 1, 0.28%, 0, 12, 5, 94.08, 220575, 181
838, 0, 39, 43, 30, 1, 0.28%, 0, 12, 5, 73.79, 220921, 183
843, 0, 39, 44, 31, 1, 0.28%, 0, 12, 5, 89.42, 221291, 183
848, 0, 39, 44, 31, 1, 0.28%, 0, 12, 5, 71.96, 221730, 183
853, 0, 39, 44, 31, 1, 0.28%, 0, 12, 5, 50.60, 221953, 183
858, 0, 39, 46, 33, 1, 0.28%, 0, 12, 5, 47.52, 222189, 183
863, 0, 39, 47, 34, 1, 0.28%, 0, 12, 5, 45.94, 222416, 183
868, 0, 39, 47, 34, 1, 0.28%, 0, 12, 5, 273.63, 222679, 183
873, 0, 39, 47, 34, 1, 0.28%, 0, 12, 5, 42.86, 223105, 183
878, 0, 3, 47, 33, 0, 0.28%, 0, 12, 5, 243.21, 223397, 183
883, 0, 45, 47, 33, 2, 0.28%, 0, 12, 5, 160.03, 224236, 183
889, 0, 45, 48, 34, 2, 0.28%, 0, 12, 5, 79.41, 224510, 183
894, 0, 45, 48, 34, 2, 0.28%, 0, 12, 5, 57.01, 224780, 183
899, 0, 45, 49, 35, 2, 0.28%, 0, 12, 5, 102.67, 225328, 183
904, 0, 45, 49, 35, 2, 0.28%, 0, 12, 5, 56.66, 225554, 183
909, 0, 45, 49, 35, 2, 0.28%, 0, 12, 5, 48.46, 225790, 183
914, 0, 45, 49, 35, 2, 0.28%, 0, 12, 5, 45.25, 226011, 183
919, 0, 45, 49, 35, 2, 0.28%, 0, 12, 5, 43.96, 226233, 183
924, 0, 45, 49, 35, 2, 0.28%, 0, 12, 5, 54.54, 226527, 183
929, 0, 45, 49, 35, 2, 0.28%, 0, 12, 5, 42.82, 226918, 183
934, 0, 41, 49, 34, 1, 0.28%, 0, 12, 5, 48.15, 227168, 183
939, 0, 41, 49, 34, 1, 0.28%, 0, 12, 5, 48.71, 227428, 183
944, 0, 41, 49, 34, 1, 0.28%, 0, 12, 5, 57.48, 227743, 183
949, 0, 41, 49, 34, 1, 0.28%, 0, 12, 5, 81.02, 228243, 183
954, 0, 41, 49, 34, 1, 0.28%, 0, 12, 5, 51.52, 228466, 183
960, 0, 41, 49, 34, 1, 0.28%, 0, 12, 5, 45.59, 228690, 183
965, 0, 41, 49, 34, 1, 0.28%, 0, 12, 5, 44.73, 228913, 183
970, 0, 41, 49, 34, 1, 0.28%, 0, 12, 5, 43.52, 229133, 183
975, 0, 41, 49, 34, 1, 0.28%, 0, 12, 5, 42.97, 229661, 183
980, 0, 11, 49, 33, 0, 0.28%, 0, 12, 5, 240.00, 229919, 183
985, 0, 11, 49, 33, 0, 0.28%, 0, 12, 5, 235.27, 231126, 183
990, 0, 3, 49, 33, 0, 0.28%, 0, 12, 5, 215.18, 232229, 183
995, 0, 10, 50, 34, 0, 0.28%, 0, 12, 5, 224.05, 233387, 183
1000, 0, 11, 50, 34, 0, 0.28%, 0, 12, 5, 232.83, 234601, 183
1005, 0, 11, 50, 34, 0, 0.28%, 0, 12, 5, 226.29, 235772, 183
1010, 0, 10, 50, 34, 0, 0.28%, 0, 12, 5, 239.75, 236946, 183
1015, 0, 11, 50, 34, 0, 0.28%, 0, 12, 5, 225.44, 238089, 183
1021, 0, 3, 50, 34, 0, 0.28%, 0, 12, 5, 240.45, 239295, 183
1026, 0, 11, 50, 34, 0, 0.28%, 0, 12, 5, 226.57, 240398, 183
1031, 1, 3, 50, 34, 0, 0.28%, 0, 12, 5, 233.61, 241577, 183
1036, 1, 11, 50, 34, 0, 0.28%, 0, 12, 5, 218.61, 242630, 183
1041, 1, 41, 50, 34, 0, 0.28%, 0, 12, 5, 126.71, 243272, 183
1046, 1, 41, 51, 35, 0, 0.28%, 0, 12, 5, 79.59, 243613, 183
1051, 1, 41, 51, 35, 0, 0.28%, 0, 12, 5, 75.64, 243934, 183
1056, 1, 41, 51, 35, 0, 0.28%, 0, 12, 5, 72.08, 244391, 183
1061, 1, 41, 51, 35, 0, 0.28%, 0, 12, 5, 51.42, 244621, 183
1066, 1, 41, 51, 35, 0, 0.28%, 0, 12, 5, 45.10, 244842, 183
1071, 1, 41, 51, 35, 0, 0.28%, 0, 12, 5, 44.40, 245063, 183
1076, 1, 41, 51, 35, 0, 0.28%, 0, 12, 5, 265.00, 245334, 183
1081, 1, 41, 51, 35, 0, 0.28%, 0, 12, 5, 42.70, 245776, 183
1087, 1, 10, 51, 35, 0, 0.28%, 0, 12, 5, 254.63, 246158, 183
1092, 1, 11, 51, 35, 0, 0.28%, 0, 12, 5, 241.79, 247340, 183
1097, 1, 11, 51, 35, 0, 0.28%, 0, 12, 5, 211.78, 248395, 183
1102, 1, 45, 51, 35, 0, 0.28%, 0, 12, 5, 180.64, 249382, 183
1107, 1, 45, 51, 35, 0, 0.28%, 0, 12, 5, 84.65, 249682, 183
1112, 1, 45, 51, 35, 0, 0.28%, 0, 12, 5, 60.93, 249971, 183
1117, 1, 45, 51, 35, 0, 0.28%, 0, 12, 5, 89.59, 250473, 183
1122, 1, 45, 51, 35, 0, 0.28%, 0, 12, 5, 53.93, 250698, 183
1127, 1, 45, 51, 35, 0, 0.28%, 0, 12, 5, 46.04, 250921, 183
1132, 1, 45, 51, 35, 0, 0.28%, 0, 12, 5, 43.56, 251138, 183
1138, 1, 45, 51, 35, 0, 0.28%, 0, 12, 5, 43.44, 251360, 183
1143, 1, 45, 51, 35, 0, 0.28%, 0, 12, 5, 55.71, 251657, 183
1148, 1, 45, 51, 35, 0, 0.28%, 0, 12, 5, 42.82, 252044, 183
1153, 1, 3, 51, 35, 0, 0.28%, 0, 12, 5, 240.46, 252855, 183
1158, 1, 11, 51, 35, 0, 0.28%, 0, 12, 5, 243.98, 254101, 183
1163, 1, 11, 51, 35, 0, 0.28%, 0, 12, 5, 201.72, 255104, 183
1168, 1, 11, 51, 35, 0, 0.28%, 0, 12, 5, 213.97, 256247, 183
1173, 1, 11, 51, 35, 0, 0.28%, 0, 12, 5, 223.02, 257405, 183
1178, 1, 11, 51, 35, 0, 0.28%, 0, 12, 5, 235.90, 258596, 183
1183, 1, 11, 52, 36, 0, 0.28%, 0, 12, 5, 220.16, 259666, 183
1188, 1, 11, 52, 36, 0, 0.28%, 0, 12, 5, 243.30, 260964, 183
1193, 1, 11, 53, 37, 0, 0.28%, 0, 12, 5, 224.70, 262122, 183
1198, 1, 3, 53, 37, 0, 0.28%, 0, 12, 5, 248.18, 263376, 183
1203, 1, 12, 54, 38, 0, 0.28%, 0, 12, 5, 243.09, 264550, 183
1209, 1, 11, 54, 38, 0, 0.28%, 0, 12, 5, 247.11, 265852, 183
1214, 1, 11, 54, 38, 0, 0.28%, 0, 12, 5, 218.13, 266959, 183
1219, 1, 10, 54, 38, 0, 0.28%, 0, 12, 5, 232.75, 268110, 183
1224, 1, 32, 54, 38, 0, 0.28%, 0, 12, 5, 194.59, 269114, 183
1229, 1, 32, 54, 38, 0, 0.28%, 0, 12, 5, 128.51, 269629, 183
1234, 1, 32, 54, 38, 0, 0.28%, 0, 12, 5, 121.26, 270369, 183
1239, 1, 32, 54, 38, 0, 0.28%, 0, 12, 5, 62.59, 270609, 183
1244, 1, 32, 54, 38, 0, 0.28%, 0, 12, 5, 51.26, 270850, 183
1249, 1, 32, 54, 38, 0, 0.28%, 0, 12, 5, 153.29, 271743, 183
1255, 1, 32, 54, 38, 0, 0.28%, 0, 12, 5, 94.87, 272256, 183
1260, 1, 41, 54, 38, 0, 0.28%, 0, 12, 5, 59.42, 272505, 183
1265, 1, 41, 54, 38, 0, 0.28%, 0, 12, 5, 54.84, 272797, 183
1270, 1, 41, 54, 38, 0, 0.28%, 0, 12, 5, 77.78, 273166, 183
1275, 1, 41, 55, 39, 0, 0.28%, 0, 12, 5, 74.92, 273654, 183
1280, 1, 41, 55, 39, 0, 0.28%, 0, 12, 5, 50.27, 273874, 183
1285, 1, 41, 55, 39, 0, 0.28%, 0, 12, 5, 46.05, 274102, 183
1290, 1, 41, 55, 39, 0, 0.28%, 0, 12, 5, 44.52, 274323, 183
1295, 1, 41, 55, 39, 0, 0.28%, 0, 12, 5, 51.39, 274566, 183
1300, 1, 41, 55, 39, 0, 0.28%, 0, 12, 5, 81.75, 275031, 183
1305, 1, 11, 55, 39, 0, 0.28%, 0, 12, 5, 82.71, 275355, 183
1310, 1, 12, 55, 39, 0, 0.28%, 0, 12, 5, 193.48, 276552, 183
1315, 1, 11, 55, 39, 0, 0.28%, 0, 12, 5, 210.40, 277657, 183
1320, 1, 11, 55, 39, 0, 0.28%, 0, 12, 5, 220.26, 278768, 183
1325, 1, 10, 55, 39, 0, 0.28%, 0, 12, 5, 230.61, 279953, 183
1330, 1, 11, 55, 39, 0, 0.28%, 0, 12, 5, 225.93, 281041, 183
1335, 1, 11, 55, 39, 0, 0.28%, 0, 12, 5, 223.36, 282140, 183
1340, 1, 8, 55, 39, 0, 0.28%, 0, 12, 5, 214.00, 283186, 183
1346, 1, 44, 55, 39, 0, 0.28%, 0, 12, 5, 110.67, 283709, 183
1351, 1, 44, 55, 39, 0, 0.28%, 0, 12, 5, 79.53, 284056, 183
1356, 1, 44, 55, 39, 0, 0.28%, 0, 12, 5, 101.74, 284475, 183
1361, 1, 44, 55, 39, 0, 0.28%, 0, 12, 5, 69.18, 284844, 183
1366, 1, 44, 55, 39, 0, 0.28%, 0, 12, 5, 50.07, 285067, 183
1371, 1, 44, 55, 39, 0, 0.28%, 0, 12, 5, 44.80, 285288, 183
1376, 1, 44, 55, 39, 0, 0.28%, 0, 12, 5, 43.99, 285509, 183
1381, 1, 44, 55, 39, 0, 0.28%, 0, 12, 5, 48.26, 285894, 183
1386, 1, 44, 55, 39, 0, 0.28%, 0, 12, 5, 42.86, 286285, 183
1391, 1, 11, 55, 38, 0, 0.28%, 0, 12, 5, 239.68, 286968, 183
1396, 1, 11, 55, 38, 0, 0.28%, 0, 12, 5, 213.31, 288008, 183
1401, 1, 11, 55, 38, 0, 0.28%, 0, 12, 5, 233.42, 289218, 183
1407, 1, 12, 55, 38, 0, 0.28%, 0, 12, 5, 212.14, 290269, 183
1412, 1, 11, 55, 38, 0, 0.28%, 0, 12, 5, 220.23, 291376, 183
1417, 1, 11, 55, 38, 0, 0.28%, 0, 12, 5, 206.11, 292443, 183
1422, 1, 11, 55, 38, 0, 0.28%, 0, 12, 5, 211.40, 293513, 183
1427, 1, 11, 55, 38, 0, 0.28%, 0, 12, 5, 212.21, 294588, 183
1432, 1, 11, 55, 38, 0, 0.28%, 0, 12, 5, 230.24, 295795, 183
1437, 1, 11, 56, 39, 0, 0.28%, 0, 12, 5, 220.69, 296884, 183
1442, 1, 11, 56, 39, 0, 0.28%, 0, 12, 5, 221.94, 298095, 183
1448, 1, 11, 57, 40, 0, 0.28%, 0, 12, 5, 217.24, 299224, 183
1453, 1, 11, 57, 40, 1, 0.28%, 0, 12, 5, 222.77, 300379, 183
1458, 1, 56, 57, 40, 1, 0.28%, 0, 12, 5, 117.78, 300891, 183
1463, 1, 56, 57, 40, 1, 0.28%, 0, 12, 5, 68.14, 301174, 183
1468, 1, 56, 58, 41, 1, 0.28%, 0, 12, 5, 88.65, 301748, 183
1473, 1, 56, 59, 42, 1, 0.28%, 0, 12, 5, 53.88, 301978, 183
1478, 1, 56, 59, 42, 1, 0.28%, 0, 12, 5, 45.67, 302196, 183
1483, 1, 56, 59, 42, 1, 0.28%, 0, 12, 5, 43.75, 302416, 183
1488, 1, 56, 59, 42, 1, 0.28%, 0, 12, 5, 43.01, 302885, 183
1493, 1, 56, 59, 42, 1, 0.28%, 0, 12, 5, 42.85, 303101, 183
1498, 1, 3, 59, 41, 2, 0.28%, 0, 12, 5, 237.93, 304211, 183
1504, 1, 32, 59, 41, 2, 0.28%, 0, 12, 5, 180.19, 305100, 183
1509, 1, 32, 59, 41, 2, 0.28%, 0, 12, 5, 126.46, 305627, 183
1514, 1, 32, 59, 41, 2, 0.28%, 0, 12, 5, 111.22, 306355, 183
1519, 1, 32, 59, 41, 2, 0.28%, 0, 12, 5, 60.12, 306594, 183
1524, 1, 32, 59, 41, 2, 0.28%, 0, 12, 5, 50.84, 306839, 183
1529, 1, 32, 59, 41, 2, 0.28%, 0, 12, 5, 135.78, 307739, 183
1534, 1, 32, 59, 41, 2, 0.28%, 0, 12, 5, 88.31, 308248, 183
1539, 1, 57, 59, 41, 2, 0.28%, 0, 12, 5, 113.33, 308786, 183
1544, 1, 57, 59, 41, 2, 0.28%, 0, 12, 5, 110.17, 309470, 183
1549, 1, 57, 59, 41, 2, 0.28%, 0, 12, 5, 177.86, 310316, 183
1555, 1, 57, 59, 41, 2, 0.28%, 0, 12, 5, 182.34, 311119, 183
1560, 1, 57, 59, 41, 2, 0.28%, 0, 12, 5, 115.75, 311597, 183
1565, 1, 57, 59, 41, 2, 0.28%, 0, 12, 5, 132.53, 312352, 183
1570, 1, 57, 59, 41, 2, 0.28%, 0, 12, 5, 169.35, 313247, 183
1575, 1, 57, 59, 41, 2, 0.28%, 0, 12, 5, 175.02, 314132, 183
1580, 1, 57, 59, 41, 2, 0.28%, 0, 12, 5, 184.02, 315092, 183
1585, 1, 57, 59, 41, 2, 0.28%, 0, 12, 5, 177.46, 315977, 183
1590, 1, 57, 59, 41, 2, 0.28%, 0, 12, 5, 203.37, 316962, 183
1595, 1, 57, 59, 41, 2, 0.28%, 0, 12, 5, 198.90, 317928, 183
1600, 1, 11, 59, 40, 1, 0.28%, 0, 12, 5, 217.89, 319081, 183
1605, 1, 58, 59, 40, 1, 0.28%, 0, 12, 5, 180.55, 320040, 183
1610, 1, 58, 59, 40, 1, 0.28%, 0, 12, 5, 80.81, 320300, 183
1615, 1, 58, 59, 40, 1, 0.28%, 0, 12, 5, 61.24, 320593, 183
1621, 1, 58, 59, 40, 1, 0.28%, 0, 12, 5, 81.52, 321101, 183
1626, 1, 58, 59, 40, 1, 0.28%, 0, 12, 5, 51.90, 321326, 183
1631, 1, 3, 59, 39, 0, 0.28%, 0, 12, 5, 265.38, 321723, 183
1636, 1, 11, 59, 39, 0, 0.28%, 0, 12, 5, 221.25, 322814, 183
1641, 1, 11, 59, 39, 0, 0.28%, 0, 12, 5, 191.05, 323776, 183
1646, 2, 11, 59, 39, 0, 0.28%, 0, 12, 5, 220.81, 324904, 183
1651, 2, 8, 59, 39, 0, 0.28%, 0, 12, 5, 205.31, 325881, 183
1656, 2, 11, 60, 40, 0, 0.28%, 0, 12, 5, 212.57, 326916, 183
1661, 2, 11, 60, 40, 0, 0.28%, 0, 12, 5, 226.75, 328051, 183
1666, 2, 11, 60, 40, 0, 0.28%, 0, 12, 5, 217.08, 329138, 183
1671, 2, 11, 60, 40, 0, 0.28%, 0, 12, 5, 219.61, 330236, 183
1677, 2, 11, 60, 40, 0, 0.28%, 0, 12, 5, 211.34, 331271, 183
1682, 2, 11, 60, 40, 0, 0.28%, 0, 12, 5, 210.55, 332338, 183
1687, 2, 35, 60, 40, 0, 0.28%, 0, 12, 5, 169.03, 333287, 183
1692, 2, 35, 60, 40, 0, 0.28%, 0, 12, 5, 114.89, 333843, 183
1697, 2, 35, 60, 40, 0, 0.28%, 0, 12, 5, 144.45, 334698, 183
1702, 2, 35, 60, 40, 0, 0.28%, 0, 12, 5, 67.44, 334940, 183
1707, 2, 35, 60, 40, 0, 0.28%, 0, 12, 5, 50.34, 335172, 183
1712, 2, 35, 60, 40, 0, 0.28%, 0, 12, 5, 178.63, 336025, 183
1718, 2, 35, 60, 40, 0, 0.28%, 0, 12, 5, 113.50, 336592, 183
1723, 2, 11, 60, 39, 0, 0.28%, 0, 12, 5, 120.98, 337075, 183
1728, 2, 3, 60, 39, 0, 0.28%, 0, 12, 5, 196.77, 338173, 183
1733, 2, 11, 60, 39, 0, 0.28%, 0, 12, 5, 224.74, 339359, 183
1738, 2, 11, 60, 39, 0, 0.28%, 0, 12, 5, 220.12, 340464, 183
1743, 2, 11, 60, 39, 0, 0.28%, 0, 12, 5, 223.78, 341596, 183
1749, 2, 11, 60, 39, 0, 0.28%, 0, 12, 5, 204.85, 342667, 183
1754, 2, 11, 60, 39, 0, 0.28%, 0, 12, 5, 230.69, 343833, 183
1759, 2, 11, 60, 39, 0, 0.28%, 0, 12, 5, 220.73, 344940, 183
1764, 2, 11, 60, 39, 0, 0.28%, 0, 12, 5, 227.26, 346079, 183
1769, 2, 11, 60, 39, 0, 0.28%, 0, 12, 5, 213.64, 347165, 183
1774, 2, 11, 61, 40, 0, 0.28%, 0, 12, 5, 219.10, 348238, 183
1779, 2, 11, 61, 40, 0, 0.28%, 0, 12, 5, 237.05, 349458, 183
1784, 2, 17, 61, 40, 0, 0.28%, 0, 12, 5, 218.42, 350587, 183
1789, 2, 11, 61, 40, 0, 0.28%, 0, 12, 5, 224.81, 351739, 183
1794, 2, 54, 61, 40, 0, 0.28%, 0, 12, 5, 98.80, 352064, 183
1799, 2, 54, 61, 40, 0, 0.28%, 0, 12, 5, 64.58, 352352, 183
1804, 2, 54, 61, 40, 0, 0.28%, 0, 12, 5, 113.52, 352883, 183
1810, 2, 54, 61, 40, 0, 0.28%, 0, 12, 5, 58.96, 353113, 183
1815, 2, 54, 61, 40, 0, 0.28%, 0, 12, 5, 48.62, 353344, 183
1820, 2, 54, 61, 40, 0, 0.28%, 0, 12, 5, 45.24, 353572, 183
1825, 2, 54, 61, 40, 0, 0.28%, 0, 12, 5, 44.12, 353794, 183
1830, 2, 54, 61, 40, 0, 0.28%, 0, 12, 5, 49.12, 354089, 183
1835, 2, 54, 61, 40, 0, 0.28%, 0, 12, 5, 42.89, 354480, 183
1840, 2, 11, 61, 39, 0, 0.28%, 0, 12, 5, 132.23, 355109, 183
1845, 2, 11, 61, 39, 0, 0.28%, 0, 12, 5, 185.91, 356103, 183
1850, 2, 11, 61, 39, 0, 0.28%, 0, 12, 5, 209.17, 357224, 183
1855, 2, 11, 61, 39, 0, 0.28%, 0, 12, 5, 219.16, 358397, 183
1860, 2, 11, 61, 39, 0, 0.28%, 0, 12, 5, 207.29, 359405, 183
1865, 2, 11, 61, 39, 0, 0.28%, 0, 12, 5, 228.66, 360580, 183
1871, 2, 11, 61, 39, 0, 0.28%, 0, 12, 5, 212.98, 361634, 183
1876, 2, 11, 61, 39, 0, 0.28%, 0, 12, 5, 218.86, 362717, 183
1881, 2, 3, 61, 39, 0, 0.28%, 0, 12, 5, 218.52, 363812, 183
1886, 2, 11, 61, 39, 0, 0.28%, 0, 12, 5, 219.93, 364954, 183
1891, 2, 11, 61, 39, 0, 0.28%, 0, 12, 5, 202.28, 365953, 183
1896, 2, 11, 61, 39, 0, 0.28%, 0, 12, 5, 208.29, 367080, 183
1901, 2, 11, 61, 39, 0, 0.28%, 0, 12, 5, 217.89, 368194, 183
1906, 2, 11, 62, 40, 0, 0.28%, 0, 12, 5, 231.43, 369356, 183
1911, 2, 11, 62, 40, 0, 0.28%, 0, 12, 5, 224.10, 370499, 183
1917, 2, 3, 62, 40, 0, 0.28%, 0, 12, 5, 222.20, 371645, 183
1922, 2, 11, 62, 40, 0, 0.28%, 0, 12, 5, 218.52, 372760, 183
1927, 2, 11, 62, 40, 0, 0.28%, 0, 12, 5, 215.63, 373859, 183
1932, 2, 11, 62, 40, 0, 0.28%, 0, 12, 5, 206.36, 374901, 183
1937, 2, 8, 62, 40, 0, 0.28%, 0, 12, 5, 219.38, 376044, 183
1942, 2, 11, 62, 40, 0, 0.28%, 0, 12, 5, 219.08, 377191, 183
1947, 2, 11, 62, 40, 0, 0.28%, 0, 12, 5, 229.90, 378357, 183
1952, 2, 3, 62, 40, 0, 0.28%, 0, 12, 5, 217.89, 379444, 183
1957, 2, 11, 62, 40, 0, 0.28%, 0, 12, 5, 224.50, 380583, 183
1962, 2, 58, 62, 40, 0, 0.28%, 0, 12, 5, 149.93, 381329, 183
1967, 2, 58, 62, 40, 0, 0.28%, 0, 12, 5, 84.50, 381669, 183
1972, 2, 58, 62, 40, 0, 0.28%, 0, 12, 5, 107.64, 382114, 183
1978, 2, 58, 62, 40, 0, 0.28%, 0, 12, 5, 63.51, 382424, 183
1983, 2, 58, 62, 40, 0, 0.28%, 0, 12, 5, 47.61, 382645, 183
1988, 2, 37, 62, 40, 0, 0.28%, 0, 12, 5, 176.71, 383497, 183
1993, 2, 37, 62, 40, 0, 0.28%, 0, 12, 5, 242.71, 384763, 183
1998, 2, 37, 62, 40, 0, 0.28%, 0, 12, 5, 292.07, 385769, 183
2003, 2, 37, 62, 40, 0, 0.28%, 0, 12, 5, 299.61, 387270, 183
2008, 2, 37, 62, 40, 0, 0.28%, 0, 12, 5, 56.45, 388306, 183
2013, 2, 37, 62, 40, 0, 0.28%, 0, 12, 5, 91.00, 388803, 183
2018, 2, 37, 62, 40, 0, 0.28%, 0, 12, 5, 161.00, 389691, 183
2023, 2, 37, 63, 41, 0, 0.28%, 0, 12, 5, 177.23, 390613, 183
2029, 2, 12, 63, 40, 0, 0.28%, 0, 12, 5, 201.66, 391674, 183
2034, 2, 11, 63, 40, 0, 0.28%, 0, 12, 5, 214.16, 392795, 183
2039, 2, 11, 63, 40, 0, 0.28%, 0, 12, 5, 219.95, 393886, 183
2044, 3, 11, 63, 40, 0, 0.28%, 0, 12, 5, 199.41, 394911, 183
2049, 3, 11, 63, 40, 0, 0.28%, 0, 12, 5, 207.76, 396035, 183
2054, 3, 11, 63, 40, 0, 0.28%, 0, 12, 5, 200.08, 396999, 183
2059, 3, 8, 63, 40, 0, 0.28%, 0, 12, 5, 194.24, 398019, 183
2064, 3, 57, 63, 40, 0, 0.28%, 0, 12, 5, 198.11, 399057, 183
2069, 3, 57, 63, 40, 0, 0.28%, 0, 12, 5, 172.49, 399894, 183
2075, 3, 57, 63, 40, 0, 0.28%, 0, 12, 5, 177.79, 400803, 183
2080, 3, 57, 63, 40, 0, 0.28%, 0, 12, 5, 197.43, 401781, 183
2085, 3, 57, 63, 40, 0, 0.28%, 0, 12, 5, 193.78, 402714, 183
2090, 3, 57, 63, 40, 0, 0.28%, 0, 12, 5, 211.63, 403750, 183
2095, 3, 57, 63, 40, 0, 0.28%, 0, 12, 5, 197.56, 404661, 183
2100, 3, 11, 63, 40, 0, 0.28%, 0, 12, 5, 193.36, 405633, 183
2105, 3, 11, 63, 40, 0, 0.28%, 0, 12, 5, 218.01, 406814, 183
2110, 3, 3, 63, 40, 0, 0.28%, 0, 12, 5, 197.99, 407825, 183
2115, 3, 11, 63, 40, 0, 0.28%, 0, 12, 5, 202.69, 408860, 183
2120, 3, 3, 63, 40, 0, 0.28%, 0, 12, 5, 215.64, 409939, 183
2126, 3, 11, 63, 40, 0, 0.28%, 0, 12, 5, 212.28, 411013, 183
2131, 3, 11, 63, 40, 0, 0.28%, 0, 12, 5, 210.41, 412068, 183
2136, 3, 11, 63, 40, 0, 0.28%, 0, 12, 5, 214.95, 413179, 183
2141, 3, 11, 63, 40, 0, 0.28%, 0, 12, 5, 206.34, 414217, 183
2146, 3, 11, 63, 40, 0, 0.28%, 0, 12, 5, 216.30, 415292, 183
2151, 3, 11, 63, 40, 0, 0.28%, 0, 12, 5, 234.62, 416487, 183
2156, 3, 11, 63, 40, 0, 0.28%, 0, 12, 5, 215.42, 417561, 183
2161, 3, 11, 63, 40, 0, 0.28%, 0, 12, 5, 226.53, 418752, 183
2166, 3, 11, 63, 40, 0, 0.28%, 0, 12, 5, 216.80, 419847, 183
2171, 3, 12, 63, 40, 0, 0.28%, 0, 12, 5, 215.78, 420925, 183
2176, 3, 11, 63, 40, 0, 0.28%, 0, 12, 5, 201.82, 421952, 183
2182, 3, 11, 63, 40, 0, 0.28%, 0, 12, 5, 205.45, 422983, 183
2187, 3, 8, 63, 40, 0, 0.28%, 0, 12, 5, 218.86, 424101, 183
2192, 3, 11, 63, 40, 0, 0.28%, 0, 12, 5, 217.83, 425140, 183
2197, 3, 11, 64, 41, 0, 0.28%, 0, 12, 5, 213.99, 426246, 183
2202, 3, 57, 64, 41, 0, 0.28%, 0, 12, 5, 213.62, 427377, 183
2207, 3, 57, 64, 41, 0, 0.28%, 0, 12, 5, 179.63, 428263, 183
2212, 3, 57, 64, 41, 0, 0.28%, 0, 12, 5, 178.81, 429193, 183
2217, 3, 57, 64, 41, 0, 0.28%, 0, 12, 5, 185.65, 430168, 183
2222, 3, 57, 64, 41, 0, 0.28%, 0, 12, 5, 169.85, 430950, 183
2227, 3, 57, 64, 41, 0, 0.28%, 0, 12, 5, 153.00, 431743, 183
2232, 3, 57, 64, 41, 0, 0.28%, 0, 12, 5, 160.37, 432574, 183
2238, 3, 57, 64, 41, 0, 0.28%, 0, 12, 5, 167.49, 433390, 183
2243, 3, 11, 64, 41, 0, 0.28%, 0, 12, 5, 196.76, 434494, 183
2248, 3, 11, 64, 41, 0, 0.28%, 0, 12, 5, 203.85, 435565, 183
2253, 3, 11, 64, 41, 0, 0.28%, 0, 12, 5, 219.63, 436695, 183
2258, 3, 57, 64, 41, 0, 0.28%, 0, 12, 5, 178.38, 437575, 183
2263, 3, 57, 64, 41, 0, 0.28%, 0, 12, 5, 173.53, 438430, 183
2268, 3, 57, 64, 41, 0, 0.28%, 0, 12, 5, 168.66, 439285, 183
2273, 3, 57, 64, 41, 0, 0.28%, 0, 12, 5, 181.85, 440161, 183
2278, 3, 57, 64, 41, 0, 0.28%, 0, 12, 5, 192.86, 441175, 183
2283, 3, 57, 65, 42, 0, 0.28%, 0, 12, 5, 184.70, 442085, 183
2289, 3, 57, 65, 42, 0, 0.28%, 0, 12, 5, 179.99, 443015, 183
2294, 3, 11, 65, 42, 0, 0.28%, 0, 12, 5, 185.23, 444005, 183
2299, 3, 12, 65, 42, 0, 0.28%, 0, 12, 5, 207.48, 445083, 183
2304, 3, 11, 66, 43, 0, 0.28%, 0, 12, 5, 226.77, 446236, 183
2309, 3, 11, 66, 43, 0, 0.28%, 0, 12, 5, 215.12, 447323, 183
2314, 3, 11, 66, 43, 0, 0.28%, 0, 12, 5, 214.56, 448398, 183
2319, 3, 11, 66, 43, 0, 0.28%, 0, 12, 5, 223.52, 449532, 183
2324, 3, 11, 66, 43, 0, 0.28%, 0, 12, 5, 209.31, 450611, 183
2329, 3, 11, 66, 43, 0, 0.28%, 0, 12, 5, 211.59, 451738, 183
2334, 3, 12, 66, 43, 0, 0.28%, 0, 12, 5, 223.94, 452868, 183
2339, 3, 11, 66, 43, 0, 0.28%, 0, 12, 5, 211.80, 453899, 183
2344, 3, 17, 66, 43, 0, 0.28%, 0, 12, 5, 215.04, 454994, 183
2350, 3, 46, 66, 43, 0, 0.28%, 0, 12, 5, 152.57, 455836, 183
2355, 3, 46, 66, 43, 0, 0.28%, 0, 12, 5, 89.41, 456234, 183
2360, 3, 46, 66, 43, 0, 0.28%, 0, 12, 5, 119.68, 456847, 183
2365, 3, 46, 66, 43, 0, 0.28%, 0, 12, 5, 61.84, 457087, 183
2370, 3, 46, 66, 43, 0, 0.28%, 0, 12, 5, 49.54, 457325, 183
2375, 3, 46, 66, 43, 0, 0.28%, 0, 12, 5, 46.37, 457557, 183
2380, 3, 46, 66, 43, 0, 0.28%, 0, 12, 5, 86.78, 458026, 183
2385, 3, 46, 66, 43, 0, 0.28%, 0, 12, 5, 68.67, 458431, 183
2390, 3, 11, 66, 42, 0, 0.28%, 0, 12, 5, 157.57, 459206, 183
2395, 3, 11, 66, 42, 0, 0.28%, 0, 12, 5, 197.47, 460274, 183
2401, 3, 11, 67, 43, 0, 0.28%, 0, 12, 5, 228.29, 461462, 183
2406, 3, 12, 67, 43, 0, 0.28%, 0, 12, 5, 204.96, 462525, 183
2411, 3, 11, 67, 43, 0, 0.28%, 0, 12, 5, 220.60, 463644, 183
2416, 3, 11, 68, 44, 0, 0.28%, 0, 12, 5, 231.33, 464797, 183
2421, 3, 11, 68, 44, 0, 0.28%, 0, 12, 5, 222.28, 465864, 183
2426, 3, 11, 69, 45, 0, 0.28%, 0, 12, 5, 212.03, 466962, 183
2431, 3, 58, 70, 46, 0, 0.28%, 0, 12, 5, 178.10, 467950, 183
2436, 3, 58, 70, 46, 0, 0.28%, 0, 12, 5, 93.71, 468287, 183
2441, 3, 58, 70, 46, 0, 0.28%, 0, 12, 5, 87.18, 468639, 183
2446, 3, 58, 70, 46, 0, 0.28%, 0, 12, 5, 66.17, 469034, 183
2452, 3, 58, 70, 46, 0, 0.28%, 0, 12, 5, 49.06, 469258, 183
2457, 3, 58, 70, 46, 0, 0.28%, 0, 12, 5, 45.09, 469479, 183
2462, 3, 58, 70, 46, 0, 0.28%, 0, 12, 5, 57.63, 469747, 183
2467, 3, 58, 70, 46, 0, 0.28%, 0, 12, 5, 75.10, 470167, 183
2472, 3, 11, 70, 46, 0, 0.28%, 0, 12, 5, 111.21, 470613, 183
2477, 3, 11, 70, 46, 0, 0.28%, 0, 12, 5, 194.29, 471614, 183
2482, 3, 3, 70, 46, 0, 0.28%, 0, 12, 5, 224.35, 472786, 183
2487, 3, 11, 70, 46, 0, 0.28%, 0, 12, 5, 209.49, 473805, 183
2492, 3, 11, 70, 46, 0, 0.28%, 0, 12, 5, 227.77, 474979, 183
2497, 3, 13, 70, 46, 0, 0.28%, 0, 12, 5, 229.01, 476142, 183
2502, 4, 12, 70, 46, 0, 0.28%, 0, 12, 5, 232.50, 477300, 183
2507, 4, 11, 70, 46, 0, 0.28%, 0, 12, 5, 219.71, 478447, 183
2512, 4, 11, 70, 46, 0, 0.28%, 0, 12, 5, 217.56, 479546, 183
2517, 4, 11, 70, 46, 0, 0.28%, 0, 12, 5, 227.08, 480672, 183
2522, 4, 11, 70, 46, 0, 0.28%, 0, 12, 5, 209.44, 481707, 183
2527, 4, 8, 71, 47, 0, 0.28%, 0, 12, 5, 215.95, 482793, 183
2532, 4, 11, 71, 47, 0, 0.28%, 0, 12, 5, 213.65, 483844, 183
2538, 4, 11, 71, 47, 0, 0.28%, 0, 12, 5, 221.08, 484930, 183
2543, 4, 11, 71, 47, 0, 0.28%, 0, 12, 5, 219.81, 486081, 183
2548, 4, 11, 71, 47, 0, 0.28%, 0, 12, 5, 206.49, 487104, 183
2553, 4, 3, 72, 48, 0, 0.28%, 0, 12, 5, 213.37, 488197, 183
2558, 4, 3, 72, 48, 0, 0.28%, 0, 12, 5, 206.20, 489232, 183
2563, 4, 35, 72, 48, 0, 0.28%, 0, 12, 5, 204.30, 490288, 183
2568, 4, 35, 72, 48, 0, 0.28%, 0, 12, 5, 147.70, 490908, 183
2573, 4, 35, 72, 48, 0, 0.28%, 0, 12, 5, 190.78, 491769, 183
2578, 4, 35, 72, 48, 0, 0.28%, 0, 12, 5, 78.96, 492005, 183
2583, 4, 35, 72, 48, 0, 0.28%, 0, 12, 5, 53.50, 492239, 183
2588, 4, 35, 72, 48, 0, 0.28%, 0, 12, 5, 108.25, 492687, 183
2593, 4, 35, 72, 48, 0, 0.28%, 0, 12, 5, 162.65, 493648, 183
2598, 4, 35, 72, 48, 0, 0.28%, 0, 12, 5, 70.00, 493865, 183
2604, 4, 3, 72, 48, 0, 0.28%, 0, 12, 5, 198.45, 495022, 183
2609, 4, 12, 72, 48, 0, 0.28%, 0, 12, 5, 204.57, 496053, 183
2614, 4, 11, 72, 48, 0, 0.28%, 0, 12, 5, 219.41, 497180, 183
2619, 4, 3, 72, 48, 0, 0.28%, 0, 12, 5, 224.97, 498334, 183
2624, 4, 11, 72, 48, 0, 0.28%, 0, 12, 5, 190.84, 499303, 183
2629, 4, 11, 72, 48, 0, 0.28%, 0, 12, 5, 222.99, 500480, 183
2634, 4, 11, 72, 48, 0, 0.28%, 0, 12, 5, 219.91, 501598, 183
2639, 4, 11, 72, 48, 0, 0.28%, 0, 12, 5, 196.41, 502648, 183
2645, 4, 11, 72, 48, 0, 0.28%, 0, 12, 5, 205.58, 503708, 183
2650, 4, 43, 72, 48, 0, 0.28%, 0, 12, 5, 103.35, 504139, 183
2655, 4, 43, 72, 48, 0, 0.28%, 0, 12, 5, 61.98, 504405, 183
2660, 4, 43, 72, 48, 0, 0.28%, 0, 12, 5, 106.96, 504950, 183
2665, 4, 43, 72, 48, 0, 0.28%, 0, 12, 5, 57.70, 505179, 183
2670, 4, 43, 72, 48, 0, 0.28%, 0, 12, 5, 47.61, 505405, 183
2675, 4, 43, 72, 48, 0, 0.28%, 0, 12, 5, 44.26, 505625, 183
2680, 4, 43, 72, 48, 0, 0.28%, 0, 12, 5, 53.95, 505879, 183
2685, 4, 43, 72, 48, 0, 0.28%, 0, 12, 5, 42.97, 506431, 183
2690, 4, 51, 72, 47, 0, 0.28%, 0, 12, 5, 273.63, 506693, 183
2695, 4, 51, 72, 47, 0, 0.28%, 0, 12, 5, 283.52, 508172, 183
2700, 4, 51, 72, 47, 0, 0.28%, 0, 12, 5, 295.19, 509662, 183
2706, 4, 51, 72, 47, 0, 0.28%, 0, 12, 5, 303.82, 511222, 183
2711, 4, 51, 72, 47, 0, 0.28%, 0, 12, 5, 305.36, 512805, 183
2716, 4, 51, 72, 47, 0, 0.28%, 0, 12, 5, 204.40, 513823, 183
2721, 4, 51, 72, 47, 0, 0.28%, 0, 12, 5, 141.07, 514530, 183
2726, 4, 51, 72, 47, 0, 0.28%, 0, 12, 5, 215.41, 515702, 183
2731, 4, 51, 72, 47, 0, 0.28%, 0, 12, 5, 229.12, 516878, 183
2736, 4, 11, 72, 46, 0, 0.28%, 0, 12, 5, 235.87, 518078, 183
2741, 4, 11, 72, 46, 0, 0.28%, 0, 12, 5, 217.98, 519157, 183
2746, 4, 11, 72, 46, 0, 0.28%, 0, 12, 5, 218.78, 520271, 183
2751, 4, 11, 72, 46, 0, 0.28%, 0, 12, 5, 228.10, 521410, 183
2756, 4, 3, 72, 46, 0, 0.28%, 0, 12, 5, 225.39, 522552, 183
2761, 4, 11, 72, 46, 0, 0.28%, 0, 12, 5, 209.18, 523567, 183
2767, 4, 11, 72, 46, 0, 0.28%, 0, 12, 5, 214.12, 524678, 183
2772, 4, 11, 72, 46, 0, 0.28%, 0, 12, 5, 235.26, 525888, 183
2777, 4, 11, 72, 46, 0, 0.28%, 0, 12, 5, 209.84, 526847, 183
2782, 4, 8, 72, 46, 0, 0.28%, 0, 12, 5, 209.90, 527849, 183
2787, 4, 11, 72, 46, 0, 0.28%, 0, 12, 5, 211.36, 528881, 183
2792, 4, 11, 72, 46, 0, 0.28%, 0, 12, 5, 220.25, 530007, 183
2797, 4, 11, 72, 46, 0, 0.28%, 0, 12, 5, 236.13, 531214, 183
2802, 4, 11, 73, 47, 0, 0.28%, 0, 12, 5, 214.64, 532296, 183
2807, 4, 11, 73, 47, 0, 0.28%, 0, 12, 5, 225.77, 533458, 183
2812, 4, 11, 73, 47, 0, 0.28%, 0, 12, 5, 222.24, 534557, 183
2817, 4, 11, 73, 47, 0, 0.28%, 0, 12, 5, 225.16, 535728, 183
2823, 4, 11, 73, 47, 0, 0.28%, 0, 12, 5, 222.95, 536817, 183
2828, 4, 11, 73, 47, 0, 0.28%, 0, 12, 5, 206.00, 537877, 183
2833, 4, 11, 73, 47, 0, 0.28%, 0, 12, 5, 215.44, 538968, 183
2838, 4, 11, 73, 47, 0, 0.28%, 0, 12, 5, 232.53, 540134, 183
2843, 4, 11, 73, 47, 0, 0.28%, 0, 12, 5, 219.86, 541233, 183
2848, 4, 3, 73, 47, 0, 0.28%, 0, 12, 5, 233.75, 542444, 183
2853, 4, 11, 73, 47, 0, 0.28%, 0, 12, 5, 226.35, 543598, 183
2858, 4, 11, 73, 47, 0, 0.28%, 0, 12, 5, 211.98, 544701, 183
2864, 4, 11, 73, 47, 0, 0.28%, 0, 12, 5, 229.05, 545850, 183
2869, 4, 11, 73, 47, 0, 0.28%, 0, 12, 5, 216.57, 546958, 183
2874, 4, 8, 73, 47, 0, 0.28%, 0, 12, 5, 190.75, 547936, 183
2879, 4, 8, 73, 47, 0, 0.28%, 0, 12, 5, 222.65, 549096, 183
2884, 4, 11, 73, 47, 0, 0.28%, 0, 12, 5, 200.13, 550009, 183
2889, 4, 11, 73, 47, 0, 0.28%, 0, 12, 5, 224.08, 551173, 183
2894, 4, 11, 73, 47, 0, 0.28%, 0, 12, 5, 205.82, 552160, 183
2899, 4, 11, 73, 47, 0, 0.28%, 0, 12, 5, 217.54, 553326, 183
2904, 4, 11, 73, 47, 0, 0.28%, 0, 12, 5, 220.91, 554421, 183
2909, 4, 11, 73, 47, 0, 0.28%, 0, 12, 5, 219.27, 555520, 183
2915, 5, 11, 73, 47, 0, 0.28%, 0, 12, 5, 210.26, 556591, 183
2920, 5, 11, 73, 47, 0, 0.28%, 0, 12, 5, 209.08, 557592, 183
2925, 5, 11, 73, 47, 0, 0.28%, 0, 12, 5, 227.43, 558776, 183
2930, 5, 17, 73, 47, 0, 0.28%, 0, 12, 5, 219.68, 559899, 183
2935, 5, 11, 73, 47, 0, 0.28%, 0, 12, 5, 233.23, 561065, 183
2940, 5, 11, 73, 47, 0, 0.28%, 0, 12, 5, 218.66, 562172, 183
2945, 5, 11, 73, 47, 0, 0.28%, 0, 12, 5, 218.67, 563322, 183
2950, 5, 11, 73, 47, 0, 0.28%, 0, 12, 5, 208.94, 564317, 183
2956, 5, 11, 73, 47, 0, 0.28%, 0, 12, 5, 208.61, 565384, 183
2961, 5, 26, 73, 47, 0, 0.28%, 0, 12, 5, 207.73, 566449, 183
2966, 5, 26, 73, 47, 0, 0.28%, 0, 12, 5, 270.35, 567929, 183
2971, 5, 26, 73, 47, 0, 0.28%, 0, 12, 5, 290.67, 569384, 183
2976, 5, 26, 73, 47, 0, 0.28%, 0, 12, 5, 301.40, 570922, 183
2981, 5, 26, 73, 47, 0, 0.28%, 0, 12, 5, 305.65, 572505, 183
2986, 5, 26, 73, 47, 0, 0.28%, 0, 12, 5, 194.15, 573251, 183
2991, 5, 26, 73, 47, 0, 0.28%, 0, 12, 5, 224.48, 574411, 183
2996, 5, 11, 73, 46, 0, 0.28%, 0, 12, 5, 213.47, 575499, 183
3001, 5, 17, 73, 46, 0, 0.28%, 0, 12, 5, 221.46, 576621, 183
3007, 5, 11, 73, 46, 0, 0.28%, 0, 12, 5, 232.45, 577808, 183
3012, 5, 11, 73, 46, 0, 0.28%, 0, 12, 5, 232.14, 578983, 183
3017, 5, 11, 73, 46, 0, 0.28%, 0, 12, 5, 224.60, 580125, 183
3022, 5, 8, 73, 46, 0, 0.28%, 0, 12, 5, 176.65, 581045, 183
3027, 5, 11, 73, 46, 0, 0.28%, 0, 12, 5, 197.60, 582092, 183
3032, 5, 11, 73, 46, 0, 0.28%, 0, 12, 5, 208.76, 583158, 183
3037, 5, 11, 73, 46, 0, 0.28%, 0, 12, 5, 223.03, 584299, 183
3042, 5, 11, 73, 46, 0, 0.28%, 0, 12, 5, 213.28, 585382, 183
3047, 5, 11, 73, 46, 0, 0.28%, 0, 12, 5, 220.97, 586540, 183
3052, 5, 11, 73, 46, 0, 0.28%, 0, 12, 5, 212.78, 587600, 183
3057, 5, 11, 73, 46, 0, 0.28%, 0, 12, 5, 206.09, 588659, 183
3062, 5, 11, 73, 46, 0, 0.28%, 0, 12, 5, 237.89, 589885, 183
3067, 5, 3, 73, 46, 0, 0.28%, 0, 12, 5, 221.20, 591036, 183
3073, 5, 11, 73, 46, 0, 0.28%, 0, 12, 5, 222.59, 592167, 183
3078, 5, 3, 73, 46, 0, 0.28%, 0, 12, 5, 227.63, 593273, 183
3083, 5, 11, 73, 46, 0, 0.28%, 0, 12, 5, 218.54, 594348, 183
3088, 5, 11, 73, 46, 0, 0.28%, 0, 12, 5, 222.00, 595487, 183
3093, 5, 3, 73, 46, 0, 0.28%, 0, 12, 5, 211.81, 596549, 183
3098, 5, 11, 73, 46, 0, 0.28%, 0, 12, 5, 202.33, 597612, 183
3103, 5, 8, 73, 46, 0, 0.28%, 0, 12, 5, 172.21, 598544, 183
3108, 5, 11, 73, 46, 0, 0.28%, 0, 12, 5, 219.85, 599686, 183
3113, 5, 11, 73, 46, 0, 0.28%, 0, 12, 5, 229.90, 600880, 183
3119, 5, 11, 73, 46, 0, 0.28%, 0, 12, 5, 210.10, 601907, 183
3124, 5, 32, 73, 46, 0, 0.28%, 0, 12, 5, 158.82, 602611, 183
3129, 5, 32, 73, 46, 0, 0.28%, 0, 12, 5, 191.74, 603406, 183
3134, 5, 32, 73, 46, 0, 0.28%, 0, 12, 5, 83.20, 603701, 183
3139, 5, 32, 73, 46, 0, 0.28%, 0, 12, 5, 54.22, 603937, 183
3144, 5, 32, 73, 46, 0, 0.28%, 0, 12, 5, 303.62, 604363, 183
3149, 5, 32, 73, 46, 0, 0.28%, 0, 12, 5, 43.05, 605354, 183
3154, 5, 32, 73, 46, 0, 0.28%, 0, 12, 5, 42.86, 605570, 183
3159, 5, 11, 73, 46, 0, 0.28%, 0, 12, 5, 223.52, 606610, 183
3164, 5, 11, 73, 46, 0, 0.28%, 0, 12, 5, 217.00, 607704, 183
3169, 5, 6, 73, 46, 0, 0.28%, 0, 12, 5, 252.95, 608992, 183
3175, 5, 6, 73, 46, 0, 0.28%, 0, 12, 5, 188.19, 609809, 183
3180, 5, 6, 73, 46, 0, 0.28%, 0, 12, 5, 168.37, 610730, 183
3185, 5, 11, 73, 45, 0, 0.28%, 0, 12, 5, 197.58, 611691, 183
3190, 5, 11, 73, 45, 0, 0.28%, 0, 12, 5, 217.33, 612853, 183
3195, 5, 3, 73, 45, 0, 0.28%, 0, 12, 5, 217.40, 613923, 183
3200, 5, 11, 73, 45, 0, 0.28%, 0, 12, 5, 224.43, 615102, 183
3205, 5, 11, 73, 45, 0, 0.28%, 0, 12, 5, 221.26, 616256, 183
3210, 5, 11, 73, 45, 0, 0.28%, 0, 12, 5, 203.26, 617295, 183
3215, 5, 11, 73, 45, 0, 0.28%, 0, 12, 5, 189.40, 618270, 183
3221, 5, 6, 73, 45, 0, 0.28%, 0, 12, 5, 152.40, 619113, 183
3226, 5, 11, 73, 45, 0, 0.28%, 0, 12, 5, 217.29, 620212, 183
3231, 5, 11, 73, 45, 0, 0.28%, 0, 12, 5, 221.32, 621314, 183
3236, 5, 11, 73, 45, 0, 0.28%, 0, 12, 5, 230.14, 622477, 183
3241, 5, 11, 73, 45, 0, 0.28%, 0, 12, 5, 221.12, 623552, 183
3246, 5, 11, 73, 45, 0, 0.28%, 0, 12, 5, 213.10, 624578, 183
3251, 5, 11, 73, 45, 0, 0.28%, 0, 12, 5, 220.94, 625685, 183
3256, 5, 32, 73, 45, 0, 0.28%, 0, 12, 5, 136.95, 626318, 183
3261, 5, 32, 73, 45, 0, 0.28%, 0, 12, 5, 126.26, 626917, 183
3266, 5, 32, 73, 45, 0, 0.28%, 0, 12, 5, 100.39, 627541, 183
3271, 5, 32, 73, 45, 0, 0.28%, 0, 12, 5, 58.92, 627779, 183
3276, 5, 32, 73, 45, 0, 0.28%, 0, 12, 5, 49.40, 628011, 183
3282, 5, 32, 73, 45, 0, 0.28%, 0, 12, 5, 303.48, 628983, 183
3287, 5, 32, 73, 45, 0, 0.28%, 0, 12, 5, 42.89, 629420, 183
3292, 5, 11, 73, 45, 0, 0.28%, 0, 12, 5, 229.09, 630220, 183
3297, 5, 3, 73, 45, 0, 0.28%, 0, 12, 5, 205.88, 631259, 183
3302, 5, 11, 73, 45, 0, 0.28%, 0, 12, 5, 210.74, 632321, 183
3307, 5, 11, 73, 45, 0, 0.28%, 0, 12, 5, 219.33, 633460, 183
3312, 5, 11, 73, 45, 0, 0.28%, 0, 12, 5, 193.81, 634442, 183
3317, 5, 11, 73, 45, 0, 0.28%, 0, 12, 5, 230.29, 635641, 183
3322, 6, 17, 73, 45, 0, 0.28%, 0, 12, 5, 215.53, 636696, 183
3327, 6, 57, 73, 45, 0, 0.28%, 0, 12, 5, 188.59, 637640, 183
3332, 6, 57, 73, 45, 0, 0.28%, 0, 12, 5, 172.38, 638447, 183
3337, 6, 57, 73, 45, 0, 0.28%, 0, 12, 5, 162.52, 639254, 183
3342, 6, 57, 73, 45, 0, 0.28%, 0, 12, 5, 153.89, 639992, 183
3347, 6, 57, 73, 45, 0, 0.28%, 0, 12, 5, 199.48, 641063, 183
3353, 6, 57, 73, 45, 0, 0.28%, 0, 12, 5, 155.84, 641813, 183
3358, 6, 57, 73, 45, 0, 0.28%, 0, 12, 5, 186.50, 642830, 183
3363, 6, 17, 73, 45, 0, 0.28%, 0, 12, 5, 200.32, 643853, 183
3368, 6, 11, 73, 45, 0, 0.28%, 0, 12, 5, 212.02, 644982, 183
3373, 6, 11, 73, 45, 0, 0.28%, 0, 12, 5, 199.07, 645977, 183
3378, 6, 3, 73, 45, 0, 0.28%, 0, 12, 5, 207.56, 647008, 183
3383, 6, 11, 73, 45, 0, 0.28%, 0, 12, 5, 207.61, 648046, 183
3388, 6, 11, 73, 45, 0, 0.28%, 0, 12, 5, 203.75, 649101, 183
3393, 6, 11, 73, 45, 0, 0.28%, 0, 12, 5, 181.00, 650087, 183
3398, 6, 11, 73, 45, 0, 0.28%, 0, 12, 5, 224.65, 651250, 183
3404, 6, 11, 73, 45, 0, 0.28%, 0, 12, 5, 210.77, 652301, 183
3409, 6, 6, 73, 45, 0, 0.28%, 0, 12, 5, 189.78, 653335, 183
3414, 6, 11, 73, 45, 0, 0.28%, 0, 12, 5, 200.81, 654356, 183
3419, 6, 11, 73, 45, 0, 0.28%, 0, 12, 5, 208.54, 655369, 183
3424, 6, 11, 73, 45, 0, 0.28%, 0, 12, 5, 204.92, 656388, 183
3429, 6, 11, 73, 45, 0, 0.28%, 0, 12, 5, 222.53, 657539, 183
3434, 6, 25, 73, 45, 0, 0.28%, 0, 12, 5, 220.70, 658636, 183
3439, 6, 25, 73, 45, 0, 0.28%, 0, 12, 5, 284.06, 660160, 183
3444, 6, 25, 73, 45, 0, 0.28%, 0, 12, 5, 285.33, 661639, 183
3449, 6, 25, 73, 45, 0, 0.28%, 0, 12, 5, 300.53, 663191, 183
3455, 6, 25, 73, 45, 0, 0.28%, 0, 12, 5, 304.04, 664773, 183
3460, 6, 25, 73, 45, 0, 0.28%, 0, 12, 5, 304.82, 666357, 183
3465, 6, 25, 73, 45, 0, 0.28%, 0, 12, 5, 305.15, 667937, 183
3470, 6, 25, 73, 45, 0, 0.28%, 0, 12, 5, 305.13, 669514, 183
3475, 6, 25, 73, 45, 0, 0.28%, 0, 12, 5, 304.37, 671089, 183
3480, 6, 25, 73, 45, 0, 0.28%, 0, 12, 5, 225.16, 672252, 183
3485, 6, 25, 73, 45, 0, 0.28%, 0, 12, 5, 242.06, 673511, 183
3491, 6, 25, 73, 45, 0, 0.28%, 0, 12, 5, 260.56, 674707, 183
3496, 6, 25, 73, 45, 0, 0.28%, 0, 12, 5, 252.13, 676003, 183
3501, 6, 53, 73, 44, 0, 0.28%, 0, 12, 5, 229.84, 677142, 183
3506, 6, 53, 73, 44, 0, 0.28%, 0, 12, 5, 266.69, 678518, 183
3511, 6, 53, 73, 44, 0, 0.28%, 0, 12, 5, 257.55, 679901, 183
3516, 6, 53, 73, 44, 0, 0.28%, 0, 12, 5, 267.88, 681296, 183
3521, 6, 53, 73, 44, 0, 0.28%, 0, 12, 5, 288.50, 682772, 183
3526, 6, 53, 73, 44, 0, 0.28%, 0, 12, 5, 303.53, 684338, 183
3531, 6, 53, 73, 44, 0, 0.28%, 0, 12, 5, 304.93, 685922, 183
3537, 6, 53, 73, 44, 0, 0.28%, 0, 12, 5, 196.27, 686952, 183
3542, 6, 53, 73, 44, 0, 0.28%, 0, 12, 5, 122.52, 687476, 183
3547, 6, 53, 73, 44, 0, 0.28%, 0, 12, 5, 97.74, 687940, 183
3552, 6, 53, 73, 44, 0, 0.28%, 0, 12, 5, 92.36, 688461, 183
3557, 6, 53, 73, 44, 0, 0.28%, 0, 12, 5, 92.77, 688946, 183
3562, 6, 53, 73, 44, 0, 0.28%, 0, 12, 5, 84.89, 689373, 183
3567, 6, 53, 73, 44, 0, 0.28%, 0, 12, 5, 171.30, 690323, 183
3572, 6, 6, 73, 43, 0, 0.28%, 0, 12, 5, 195.75, 691361, 183
3578, 6, 12, 73, 43, 0, 0.28%, 0, 12, 5, 187.99, 692217, 183
3583, 6, 11, 73, 43, 0, 0.28%, 0, 12, 5, 211.55, 693347, 183
3588, 6, 13, 73, 43, 0, 0.28%, 0, 12, 5, 196.39, 694350, 183
3593, 6, 11, 73, 43, 0, 0.28%, 0, 12, 5, 228.10, 695537, 183
3598, 6, 11, 74, 44, 0, 0.28%, 0, 12, 5, 206.34, 696515, 183
3600, 6, 11, 74, 44, 0, 0.28%, 0, 12, 5, 197.91, 696828, 183
