# relative_time, cycles_done, cur_item, corpus_count, pending_total, pending_favs, map_size, saved_crashes, saved_hangs, max_depth, execs_per_sec, total_execs, edges_found
62, 0, 0, 7, 7, 1, 33.05%, 0, 1, 2, 82.54, 3535, 79
67, 0, 0, 7, 7, 1, 33.05%, 0, 1, 2, 81.93, 3788, 79
72, 0, 0, 7, 7, 1, 33.05%, 0, 1, 2, 99.75, 4128, 79
77, 0, 0, 7, 7, 1, 33.05%, 0, 2, 2, 99.29, 4436, 79
82, 0, 0, 7, 7, 1, 33.05%, 0, 3, 2, 111.65, 4557, 79
87, 0, 0, 7, 7, 1, 33.05%, 0, 4, 2, 6.58, 4676, 79
92, 0, 0, 7, 7, 1, 33.05%, 0, 4, 2, 92.26, 4967, 79
97, 0, 0, 7, 7, 1, 33.05%, 0, 4, 2, 117.94, 5082, 79
103, 0, 0, 7, 7, 1, 33.05%, 0, 4, 2, 6.59, 5280, 79
109, 0, 0, 7, 7, 1, 33.05%, 0, 4, 2, 3.84, 5654, 79
114, 0, 0, 7, 7, 1, 33.05%, 0, 4, 2, 106.36, 6172, 79
119, 0, 0, 7, 7, 1, 33.05%, 0, 4, 2, 109.28, 6506, 79
126, 0, 0, 7, 7, 1, 33.05%, 0, 4, 2, 2.91, 6738, 79
131, 0, 0, 8, 8, 1, 33.89%, 0, 4, 2, 101.53, 7265, 81
138, 0, 0, 8, 8, 1, 33.89%, 0, 4, 2, 5.71, 7573, 81
145, 0, 0, 8, 8, 1, 33.89%, 0, 4, 2, 6.54, 7881, 81
150, 0, 0, 9, 9, 1, 34.31%, 0, 4, 2, 82.97, 8143, 82
155, 0, 0, 9, 9, 1, 34.31%, 0, 4, 2, 109.13, 8262, 82
160, 0, 0, 9, 9, 1, 34.31%, 0, 4, 2, 109.67, 8510, 82
165, 0, 0, 9, 9, 1, 34.31%, 0, 4, 2, 100.43, 8828, 82
171, 0, 0, 9, 9, 1, 34.31%, 0, 4, 2, 7.24, 9038, 82
176, 0, 0, 9, 9, 1, 34.31%, 0, 4, 2, 92.80, 9322, 82
183, 0, 0, 9, 9, 1, 34.31%, 0, 4, 2, 5.64, 9594, 82
189, 0, 0, 9, 9, 1, 34.31%, 0, 4, 2, 4.75, 9756, 82
194, 0, 0, 9, 9, 1, 34.31%, 0, 4, 2, 95.99, 10021, 82
199, 0, 0, 9, 9, 1, 34.31%, 0, 4, 2, 79.86, 10267, 82
204, 0, 0, 9, 9, 1, 34.31%, 0, 4, 2, 92.87, 10509, 82
209, 0, 0, 9, 9, 1, 34.31%, 0, 4, 2, 77.83, 10896, 82
214, 0, 0, 9, 9, 1, 34.31%, 0, 4, 2, 79.36, 11115, 82
219, 0, 0, 9, 9, 1, 34.31%, 0, 4, 2, 70.67, 11339, 82
225, 0, 0, 9, 9, 1, 34.31%, 0, 4, 2, 68.17, 11697, 82
230, 0, 0, 9, 9, 1, 34.31%, 0, 4, 2, 94.74, 11959, 82
235, 0, 0, 9, 9, 1, 34.31%, 0, 4, 2, 96.39, 12226, 82
240, 0, 0, 9, 9, 1, 34.31%, 0, 4, 2, 96.10, 12478, 82
245, 0, 0, 9, 9, 1, 34.31%, 0, 4, 2, 92.92, 12714, 82
250, 0, 0, 9, 9, 1, 34.31%, 0, 4, 2, 103.10, 12942, 82
255, 0, 0, 9, 9, 1, 34.31%, 0, 4, 2, 83.10, 13147, 82
261, 0, 0, 9, 9, 1, 34.31%, 0, 4, 2, 7.84, 13432, 82
266, 0, 0, 9, 9, 1, 34.31%, 0, 4, 2, 89.70, 13722, 82
271, 0, 0, 9, 9, 1, 34.31%, 0, 4, 2, 115.51, 14010, 82
278, 0, 0, 9, 9, 1, 34.31%, 0, 4, 2, 8.14, 14276, 82
283, 0, 0, 9, 9, 1, 34.31%, 0, 4, 2, 91.60, 14511, 82
288, 0, 0, 9, 9, 1, 34.31%, 0, 4, 2, 90.63, 14760, 82
293, 0, 0, 9, 9, 1, 34.31%, 0, 4, 2, 92.74, 15002, 82
299, 0, 0, 9, 9, 1, 34.31%, 0, 4, 2, 6.61, 15330, 82
304, 0, 0, 9, 9, 1, 34.31%, 0, 4, 2, 108.30, 15570, 82
309, 0, 0, 9, 9, 1, 34.31%, 0, 4, 2, 94.12, 15808, 82
314, 0, 0, 9, 9, 1, 34.31%, 0, 4, 2, 83.60, 16041, 82
320, 0, 0, 9, 9, 1, 34.31%, 0, 4, 2, 7.48, 16230, 82
325, 0, 0, 9, 9, 1, 34.31%, 0, 4, 2, 91.75, 16506, 82
331, 0, 0, 9, 9, 1, 34.31%, 0, 4, 2, 83.82, 16722, 82
336, 0, 0, 9, 9, 1, 34.31%, 0, 4, 2, 8.23, 17006, 82
341, 0, 0, 9, 9, 1, 34.31%, 0, 4, 2, 3.39, 17281, 82
348, 0, 0, 9, 9, 1, 34.31%, 0, 4, 2, 4.75, 17506, 82
353, 0, 0, 9, 9, 1, 34.31%, 0, 4, 2, 96.38, 17767, 82
359, 0, 0, 9, 9, 1, 34.31%, 0, 4, 2, 4.98, 18017, 82
364, 0, 0, 9, 9, 1, 34.31%, 0, 4, 2, 2.45, 18160, 82
370, 0, 0, 9, 9, 1, 34.31%, 0, 4, 2, 6.16, 18525, 82
377, 0, 0, 9, 9, 1, 34.31%, 0, 4, 2, 3.38, 18898, 82
383, 0, 0, 9, 9, 1, 34.31%, 0, 4, 2, 7.83, 19305, 82
389, 0, 0, 9, 9, 1, 34.31%, 0, 4, 2, 6.87, 19580, 82
394, 0, 0, 9, 9, 1, 34.31%, 0, 4, 2, 104.76, 20112, 82
399, 0, 0, 9, 9, 1, 34.31%, 0, 4, 2, 5.62, 20436, 82
405, 0, 0, 9, 9, 1, 34.31%, 0, 4, 2, 89.30, 20675, 82
410, 0, 0, 9, 9, 1, 34.31%, 0, 4, 2, 77.11, 21068, 82
415, 0, 0, 9, 9, 1, 34.31%, 0, 4, 2, 108.37, 21256, 82
420, 0, 0, 9, 9, 1, 34.31%, 0, 4, 2, 86.27, 21668, 82
425, 0, 0, 9, 9, 1, 34.31%, 0, 4, 2, 109.56, 21922, 82
431, 0, 0, 9, 9, 1, 34.31%, 0, 4, 2, 8.35, 22212, 82
437, 0, 0, 9, 9, 1, 34.31%, 0, 4, 2, 5.10, 22314, 82
442, 0, 0, 9, 9, 1, 34.31%, 0, 4, 2, 4.75, 22422, 82
449, 0, 0, 9, 9, 1, 34.31%, 0, 4, 2, 2.37, 22729, 82
454, 0, 0, 9, 9, 1, 34.31%, 0, 4, 2, 3.86, 23007, 82
459, 0, 0, 9, 9, 1, 34.31%, 0, 4, 2, 112.13, 23270, 82
464, 0, 0, 9, 9, 1, 34.31%, 0, 4, 2, 96.14, 23722, 82
469, 0, 0, 9, 9, 1, 34.31%, 0, 4, 2, 88.13, 23959, 82
474, 0, 0, 9, 9, 1, 34.31%, 0, 4, 2, 96.49, 24453, 82
480, 0, 0, 9, 9, 1, 34.31%, 0, 4, 2, 6.08, 24718, 82
485, 0, 0, 9, 9, 1, 34.31%, 0, 4, 2, 76.72, 24985, 82
490, 0, 0, 9, 9, 1, 34.31%, 0, 4, 2, 0.49, 25086, 82
495, 0, 0, 9, 9, 1, 34.31%, 0, 5, 2, 6.08, 25387, 82
501, 0, 0, 9, 9, 1, 34.31%, 0, 5, 2, 5.23, 25725, 82
507, 0, 0, 9, 9, 1, 34.31%, 0, 5, 2, 4.79, 26194, 82
512, 0, 0, 9, 9, 1, 34.31%, 0, 5, 2, 100.56, 26684, 82
518, 0, 0, 9, 9, 1, 34.31%, 0, 5, 2, 5.25, 27065, 82
524, 0, 0, 9, 9, 1, 34.31%, 0, 5, 2, 66.99, 27149, 82
531, 0, 0, 9, 9, 1, 34.31%, 0, 5, 2, 6.44, 27536, 82
536, 0, 0, 9, 9, 1, 34.31%, 0, 5, 2, 74.38, 27934, 82
541, 0, 0, 9, 9, 1, 34.31%, 0, 5, 2, 114.46, 28180, 82
546, 0, 0, 9, 9, 1, 34.31%, 0, 5, 2, 6.58, 28336, 82
551, 0, 0, 9, 9, 1, 34.31%, 0, 5, 2, 108.08, 28670, 82
558, 0, 0, 9, 9, 1, 34.31%, 0, 5, 2, 3.83, 28966, 82
563, 0, 0, 9, 9, 1, 34.31%, 0, 5, 2, 2.91, 29090, 82
568, 0, 0, 9, 9, 1, 34.31%, 0, 5, 2, 111.57, 29412, 82
574, 0, 0, 9, 9, 1, 34.31%, 0, 5, 2, 91.43, 29724, 82
579, 0, 0, 9, 9, 1, 34.31%, 0, 5, 2, 77.41, 29973, 82
584, 0, 0, 9, 9, 1, 34.31%, 0, 5, 2, 107.17, 30286, 82
591, 0, 0, 9, 9, 1, 34.31%, 0, 5, 2, 3.84, 30742, 82
596, 0, 0, 9, 9, 1, 34.31%, 0, 5, 2, 75.12, 30858, 82
602, 0, 0, 9, 9, 1, 34.31%, 0, 5, 2, 2.92, 31249, 82
607, 0, 0, 9, 9, 1, 34.31%, 0, 5, 2, 103.07, 31556, 82
612, 0, 0, 9, 9, 1, 34.31%, 0, 5, 2, 99.01, 31819, 82
617, 0, 0, 9, 9, 1, 34.31%, 0, 5, 2, 103.16, 32364, 82
622, 0, 0, 9, 9, 1, 34.31%, 0, 5, 2, 113.56, 32490, 82
627, 0, 0, 9, 9, 1, 34.31%, 0, 5, 2, 101.30, 32804, 82
634, 0, 0, 11, 11, 1, 35.98%, 0, 5, 2, 5.84, 33059, 86
639, 0, 0, 11, 11, 1, 35.98%, 0, 5, 2, 104.76, 33162, 86
645, 0, 0, 11, 11, 1, 35.98%, 0, 5, 2, 6.55, 33302, 86
650, 0, 8, 12, 11, 6, 36.40%, 0, 5, 3, 83.04, 33573, 87
655, 0, 8, 12, 11, 6, 36.40%, 0, 5, 3, 91.52, 33833, 87
661, 0, 8, 12, 11, 6, 36.40%, 0, 5, 3, 1.48, 34106, 87
668, 0, 8, 12, 11, 6, 36.40%, 0, 5, 3, 6.43, 34324, 87
675, 0, 9, 12, 9, 5, 36.40%, 0, 5, 3, 1.94, 34597, 87
681, 0, 9, 12, 9, 5, 36.40%, 0, 6, 3, 9.81, 34660, 87
688, 0, 9, 12, 9, 5, 36.40%, 0, 6, 3, 8.20, 34912, 87
695, 0, 9, 12, 9, 5, 36.40%, 0, 6, 3, 6.98, 34981, 87
701, 0, 9, 12, 9, 5, 36.40%, 0, 6, 3, 7.01, 35136, 87
707, 0, 9, 12, 9, 5, 36.40%, 0, 7, 3, 9.08, 35300, 87
713, 0, 4, 12, 8, 4, 36.40%, 0, 7, 3, 3.86, 35441, 87
719, 0, 4, 12, 8, 4, 36.40%, 0, 7, 3, 7.17, 35501, 87
726, 0, 4, 12, 8, 4, 36.40%, 0, 7, 3, 7.72, 35579, 87
733, 0, 4, 12, 8, 4, 36.40%, 0, 7, 3, 9.29, 35651, 87
738, 0, 4, 12, 8, 4, 36.40%, 0, 7, 3, 1.98, 35766, 87
744, 0, 4, 12, 8, 4, 36.40%, 0, 7, 3, 1.93, 35776, 87
751, 0, 4, 12, 8, 4, 36.40%, 0, 7, 3, 8.58, 35834, 87
758, 0, 4, 12, 8, 4, 36.40%, 0, 7, 3, 4.71, 35911, 87
764, 0, 4, 12, 8, 4, 36.40%, 0, 7, 3, 1.11, 35940, 87
770, 0, 7, 12, 7, 3, 36.40%, 0, 7, 3, 8.74, 36072, 87
776, 0, 7, 12, 7, 3, 36.40%, 0, 7, 3, 8.25, 36111, 87
783, 0, 7, 12, 7, 3, 36.40%, 0, 7, 3, 5.19, 36172, 87
789, 0, 7, 12, 7, 3, 36.40%, 0, 7, 3, 3.94, 36233, 87
794, 0, 7, 12, 7, 3, 36.40%, 0, 7, 3, 85.97, 36338, 87
800, 0, 7, 12, 7, 3, 36.40%, 0, 7, 3, 5.24, 36478, 87
806, 0, 7, 12, 7, 3, 36.40%, 0, 7, 3, 7.69, 36625, 87
813, 0, 7, 12, 7, 3, 36.40%, 0, 7, 3, 0.50, 36700, 87
818, 0, 11, 12, 6, 2, 36.40%, 0, 7, 3, 2.91, 36825, 87
824, 0, 11, 13, 7, 2, 36.40%, 0, 7, 4, 0.99, 37123, 87
829, 0, 11, 13, 7, 2, 36.40%, 0, 7, 4, 93.14, 37238, 87
834, 0, 11, 13, 7, 2, 36.40%, 0, 7, 4, 3.83, 37400, 87
840, 0, 11, 13, 7, 2, 36.40%, 0, 7, 4, 5.03, 37671, 87
845, 0, 11, 13, 7, 2, 36.40%, 0, 7, 4, 3.59, 37733, 87
851, 0, 2, 13, 6, 1, 36.40%, 0, 7, 4, 1.95, 37951, 87
858, 0, 2, 13, 6, 1, 36.40%, 0, 7, 4, 3.71, 38033, 87
864, 0, 2, 13, 6, 1, 36.40%, 0, 7, 4, 2.90, 38085, 87
871, 0, 2, 13, 6, 1, 36.40%, 0, 7, 4, 5.70, 38166, 87
877, 0, 2, 14, 7, 1, 36.40%, 0, 7, 4, 7.01, 38316, 87
884, 0, 2, 14, 7, 1, 36.40%, 0, 7, 4, 0.50, 38323, 87
890, 0, 2, 14, 7, 1, 36.40%, 0, 7, 4, 0.99, 38355, 87
897, 0, 9, 14, 6, 0, 36.40%, 0, 7, 4, 5.45, 38428, 87
902, 0, 9, 14, 6, 0, 36.40%, 0, 7, 4, 70.04, 38511, 87
908, 0, 9, 14, 6, 0, 36.40%, 0, 7, 4, 3.37, 38560, 87
914, 0, 9, 14, 6, 0, 36.40%, 0, 7, 4, 2.43, 38692, 87
919, 0, 9, 15, 7, 0, 36.40%, 0, 7, 4, 106.80, 38780, 87
926, 0, 9, 15, 7, 0, 36.40%, 0, 7, 4, 3.87, 38830, 87
931, 0, 9, 15, 7, 0, 36.40%, 0, 7, 4, 3.35, 38936, 87
938, 0, 9, 15, 7, 0, 36.40%, 0, 7, 4, 1.91, 39009, 87
945, 0, 9, 15, 7, 0, 36.40%, 0, 7, 4, 0.99, 39043, 87
951, 0, 9, 15, 7, 0, 36.40%, 0, 7, 4, 1.77, 39081, 87
957, 0, 9, 15, 7, 0, 36.40%, 0, 7, 4, 4.69, 39255, 87
962, 0, 9, 15, 7, 0, 36.40%, 0, 7, 4, 112.15, 39369, 87
969, 0, 9, 15, 7, 0, 36.40%, 0, 7, 4, 0.99, 39455, 87
976, 0, 9, 15, 7, 0, 36.40%, 0, 7, 4, 4.59, 39504, 87
981, 0, 9, 15, 7, 0, 36.40%, 0, 7, 4, 102.90, 39621, 87
987, 0, 9, 15, 7, 0, 36.40%, 0, 7, 4, 7.50, 39685, 87
993, 0, 9, 15, 7, 0, 36.40%, 0, 7, 4, 9.20, 39792, 87
998, 0, 9, 16, 8, 0, 37.24%, 0, 7, 4, 88.11, 40049, 89
1004, 0, 9, 16, 8, 0, 37.24%, 0, 7, 4, 3.96, 40090, 89
1011, 0, 9, 16, 8, 0, 37.24%, 0, 7, 4, 4.57, 40162, 89
1018, 0, 9, 16, 8, 0, 37.24%, 0, 7, 4, 5.66, 40270, 89
1025, 0, 9, 16, 8, 0, 37.24%, 0, 7, 4, 6.43, 40369, 89
1030, 0, 9, 16, 8, 0, 37.24%, 0, 7, 4, 0.98, 40487, 89
1035, 0, 9, 16, 8, 0, 37.24%, 0, 7, 4, 81.81, 40563, 89
1041, 0, 9, 16, 8, 0, 37.24%, 0, 7, 4, 117.07, 40692, 89
1046, 0, 9, 16, 8, 0, 37.24%, 0, 7, 4, 6.36, 40814, 89
1053, 0, 9, 16, 8, 0, 37.24%, 0, 7, 4, 2.82, 40898, 89
1058, 0, 9, 16, 8, 0, 37.24%, 0, 7, 4, 105.05, 41008, 89
1063, 0, 9, 16, 8, 0, 37.24%, 0, 7, 4, 6.93, 41106, 89
1068, 0, 9, 16, 8, 0, 37.24%, 0, 7, 4, 4.30, 41218, 89
1075, 0, 9, 16, 8, 0, 37.24%, 0, 7, 4, 3.64, 41277, 89
1080, 0, 9, 16, 8, 0, 37.24%, 0, 7, 4, 7.27, 41386, 89
1085, 0, 9, 16, 8, 0, 37.24%, 0, 7, 4, 92.06, 41488, 89
1092, 0, 9, 16, 8, 0, 37.24%, 0, 7, 4, 5.88, 41523, 89
1098, 0, 9, 16, 8, 0, 37.24%, 0, 7, 4, 2.44, 41574, 89
1104, 0, 9, 16, 8, 0, 37.24%, 0, 7, 4, 0.98, 41676, 89
1109, 0, 9, 16, 8, 0, 37.24%, 0, 7, 4, 3.71, 41801, 89
1115, 0, 9, 16, 8, 0, 37.24%, 0, 7, 4, 103.82, 41902, 89
1120, 0, 9, 16, 8, 0, 37.24%, 0, 7, 4, 83.30, 41988, 89
1126, 0, 9, 16, 8, 0, 37.24%, 0, 7, 4, 5.95, 42147, 89
1131, 0, 9, 16, 8, 0, 37.24%, 0, 7, 4, 4.52, 42250, 89
1137, 0, 9, 16, 8, 0, 37.24%, 0, 7, 4, 4.74, 42361, 89
1144, 0, 9, 17, 9, 0, 37.24%, 0, 7, 4, 2.84, 42434, 89
1150, 0, 9, 17, 9, 0, 37.24%, 0, 7, 4, 2.81, 42465, 89
1155, 0, 9, 18, 10, 0, 37.24%, 0, 7, 4, 100.15, 42574, 89
1161, 0, 9, 18, 10, 0, 37.24%, 0, 7, 4, 0.50, 42666, 89
1167, 0, 9, 18, 10, 0, 37.24%, 0, 7, 4, 3.68, 42749, 89
1174, 0, 9, 18, 10, 0, 37.24%, 0, 7, 4, 8.12, 42778, 89
1180, 0, 9, 18, 10, 0, 37.24%, 0, 7, 4, 6.51, 42806, 89
1186, 0, 9, 18, 10, 0, 37.24%, 0, 7, 4, 1.96, 42838, 89
1191, 0, 9, 18, 10, 0, 37.24%, 0, 7, 4, 85.69, 42933, 89
1198, 0, 9, 18, 10, 0, 37.24%, 0, 7, 4, 2.92, 42998, 89
1205, 0, 9, 18, 10, 0, 37.24%, 0, 7, 4, 5.94, 43088, 89
1211, 0, 9, 18, 10, 0, 37.24%, 0, 7, 4, 1.47, 43129, 89
1216, 0, 9, 19, 11, 0, 37.24%, 0, 7, 4, 102.94, 43228, 89
1223, 0, 9, 19, 11, 0, 37.24%, 0, 7, 4, 3.15, 43317, 89
1230, 0, 9, 19, 11, 0, 37.24%, 0, 7, 4, 0.98, 43581, 89
1235, 0, 9, 19, 11, 0, 37.24%, 0, 7, 4, 2.90, 43711, 89
1242, 0, 9, 19, 11, 0, 37.24%, 0, 7, 4, 7.78, 43766, 89
1249, 0, 9, 19, 11, 0, 37.24%, 0, 7, 4, 3.69, 43855, 89
1254, 0, 9, 19, 11, 0, 37.24%, 0, 7, 4, 75.72, 43929, 89
1261, 0, 9, 19, 11, 0, 37.24%, 0, 7, 4, 5.69, 43989, 89
1268, 0, 16, 19, 11, 1, 37.24%, 0, 7, 4, 1.07, 44069, 89
1274, 0, 16, 19, 11, 1, 37.24%, 0, 7, 4, 1.41, 44088, 89
1280, 0, 16, 19, 11, 1, 37.24%, 0, 7, 4, 1.42, 44097, 89
1287, 0, 16, 20, 12, 1, 37.24%, 0, 7, 4, 2.05, 44132, 89
1293, 0, 16, 20, 12, 1, 37.24%, 0, 7, 4, 2.20, 44150, 89
1299, 0, 16, 20, 12, 1, 37.24%, 0, 7, 4, 0.59, 44191, 89
1305, 0, 16, 20, 12, 1, 37.24%, 0, 7, 4, 4.93, 44214, 89
1312, 0, 16, 20, 12, 1, 37.24%, 0, 7, 4, 1.19, 44227, 89
1318, 0, 16, 20, 12, 1, 37.24%, 0, 7, 4, 8.30, 44254, 89
1324, 0, 16, 20, 12, 1, 37.24%, 0, 7, 4, 2.11, 44291, 89
1330, 0, 16, 20, 12, 1, 37.24%, 0, 7, 4, 2.23, 44308, 89
1336, 0, 16, 20, 12, 1, 37.24%, 0, 7, 4, 2.19, 44321, 89
1343, 0, 16, 20, 12, 1, 37.24%, 0, 7, 4, 2.43, 44343, 89
1349, 0, 16, 20, 12, 1, 37.24%, 0, 7, 4, 2.20, 44350, 89
1355, 0, 16, 20, 12, 1, 37.24%, 0, 7, 4, 2.56, 44376, 89
1361, 0, 16, 20, 12, 1, 37.24%, 0, 7, 4, 3.89, 44395, 89
1368, 0, 16, 20, 12, 1, 37.24%, 0, 7, 4, 1.94, 44421, 89
1374, 0, 16, 20, 12, 1, 37.24%, 0, 7, 4, 2.80, 44454, 89
1380, 0, 16, 20, 12, 1, 37.24%, 0, 7, 4, 2.75, 44470, 89
1387, 0, 16, 20, 12, 1, 37.24%, 0, 7, 4, 4.66, 44507, 89
1393, 0, 16, 20, 12, 1, 37.24%, 0, 7, 4, 4.34, 44524, 89
1399, 0, 16, 20, 12, 1, 37.24%, 0, 7, 4, 4.34, 44551, 89
1405, 0, 16, 20, 12, 1, 37.24%, 0, 7, 4, 1.49, 44576, 89
1411, 0, 16, 20, 12, 1, 37.24%, 0, 7, 4, 1.34, 44580, 89
1418, 0, 16, 20, 12, 1, 37.24%, 0, 7, 4, 1.50, 44594, 89
1424, 0, 16, 20, 12, 1, 37.24%, 0, 7, 4, 1.47, 44602, 89
1430, 0, 16, 20, 12, 1, 37.24%, 0, 7, 4, 1.41, 44609, 89
1436, 0, 16, 20, 12, 1, 37.24%, 0, 7, 4, 1.25, 44612, 89
1442, 0, 16, 20, 12, 1, 37.24%, 0, 7, 4, 0.50, 44627, 89
1448, 0, 16, 20, 12, 1, 37.24%, 0, 7, 4, 4.43, 44651, 89
1455, 0, 16, 20, 12, 1, 37.24%, 0, 7, 4, 4.52, 44682, 89
1461, 0, 16, 20, 12, 1, 37.24%, 0, 7, 4, 1.57, 44728, 89
1467, 0, 16, 20, 12, 1, 37.24%, 0, 7, 4, 2.13, 44758, 89
1474, 0, 16, 20, 12, 1, 37.24%, 0, 7, 4, 2.34, 44779, 89
1480, 0, 16, 20, 12, 1, 37.24%, 0, 7, 4, 2.83, 44812, 89
1486, 0, 16, 20, 12, 1, 37.24%, 0, 7, 4, 2.68, 44824, 89
1493, 0, 16, 20, 12, 1, 37.24%, 0, 7, 4, 6.92, 44874, 89
1499, 0, 16, 20, 12, 1, 37.24%, 0, 7, 4, 1.68, 44942, 89
1505, 0, 16, 20, 12, 1, 37.24%, 0, 7, 4, 1.61, 44950, 89
1512, 0, 16, 20, 12, 1, 37.24%, 0, 7, 4, 1.59, 44959, 89
1518, 0, 16, 20, 12, 1, 37.24%, 0, 7, 4, 1.91, 45007, 89
1525, 0, 16, 20, 12, 1, 37.24%, 0, 7, 4, 2.91, 45056, 89
1531, 0, 19, 20, 11, 1, 37.24%, 0, 7, 4, 2.82, 45071, 89
1537, 0, 19, 20, 11, 1, 37.24%, 0, 7, 4, 2.81, 45119, 89
1544, 0, 19, 20, 11, 1, 37.24%, 0, 7, 4, 2.91, 45140, 89
1550, 0, 19, 20, 11, 1, 37.24%, 0, 7, 4, 2.74, 45152, 89
1556, 0, 19, 20, 11, 1, 37.24%, 0, 7, 4, 0.50, 45157, 89
1562, 0, 19, 20, 11, 1, 37.24%, 0, 7, 4, 3.71, 45213, 89
1569, 0, 19, 20, 11, 1, 37.24%, 0, 7, 4, 1.90, 45251, 89
1575, 0, 19, 20, 11, 1, 37.24%, 0, 7, 4, 2.21, 45274, 89
1581, 0, 19, 20, 11, 1, 37.24%, 0, 7, 4, 2.50, 45298, 89
1588, 0, 19, 21, 12, 1, 37.24%, 0, 7, 5, 1.96, 45333, 89
1594, 0, 19, 21, 12, 1, 37.24%, 0, 7, 5, 2.12, 45351, 89
1600, 0, 19, 21, 12, 1, 37.24%, 0, 7, 5, 2.17, 45366, 89
1606, 0, 19, 21, 12, 1, 37.24%, 0, 7, 5, 4.77, 45403, 89
1613, 0, 19, 21, 12, 1, 37.24%, 0, 7, 5, 2.38, 45434, 89
1619, 0, 19, 21, 12, 1, 37.24%, 0, 7, 5, 2.20, 45442, 89
1625, 0, 19, 21, 12, 1, 37.24%, 0, 7, 5, 3.68, 45485, 89
1632, 0, 19, 21, 12, 1, 37.24%, 0, 7, 5, 4.12, 45511, 89
1638, 0, 19, 21, 12, 1, 37.24%, 0, 7, 5, 3.32, 45548, 89
1645, 0, 19, 21, 12, 1, 37.24%, 0, 7, 5, 0.49, 45570, 89
1651, 0, 19, 21, 12, 1, 37.24%, 0, 7, 5, 4.51, 45626, 89
1657, 0, 19, 21, 12, 1, 37.24%, 0, 7, 5, 8.25, 45675, 89
1664, 0, 19, 21, 12, 1, 37.24%, 0, 7, 5, 3.19, 45697, 89
1670, 0, 19, 21, 12, 1, 37.24%, 0, 7, 5, 3.63, 45732, 89
1676, 0, 19, 21, 12, 1, 37.24%, 0, 7, 5, 4.14, 45772, 89
1682, 0, 19, 21, 12, 1, 37.24%, 0, 7, 5, 3.86, 45787, 89
1688, 0, 19, 21, 12, 1, 37.24%, 0, 7, 5, 3.93, 45813, 89
1695, 0, 19, 21, 12, 1, 37.24%, 0, 7, 5, 4.06, 45843, 89
1701, 0, 19, 21, 12, 1, 37.24%, 0, 7, 5, 0.59, 45853, 89
1707, 0, 19, 21, 12, 1, 37.24%, 0, 7, 5, 7.42, 45888, 89
1713, 0, 19, 21, 12, 1, 37.24%, 0, 7, 5, 5.64, 45905, 89
1720, 0, 19, 21, 12, 1, 37.24%, 0, 7, 5, 5.21, 45925, 89
1726, 0, 19, 21, 12, 1, 37.24%, 0, 7, 5, 0.50, 45965, 89
1733, 0, 19, 21, 12, 1, 37.24%, 0, 7, 5, 7.46, 46037, 89
1739, 0, 19, 21, 12, 1, 37.24%, 0, 7, 5, 6.57, 46052, 89
1744, 0, 19, 21, 12, 1, 37.24%, 0, 7, 5, 102.44, 46149, 89
1751, 0, 19, 21, 12, 1, 37.24%, 0, 7, 5, 8.19, 46232, 89
1757, 0, 19, 21, 12, 1, 37.24%, 0, 7, 5, 5.24, 46251, 89
1763, 0, 19, 21, 12, 1, 37.24%, 0, 7, 5, 0.96, 46256, 89
1769, 0, 19, 21, 12, 1, 37.24%, 0, 7, 5, 1.05, 46265, 89
1775, 0, 19, 21, 12, 1, 37.24%, 0, 7, 5, 1.04, 46271, 89
1781, 0, 19, 21, 12, 1, 37.24%, 0, 7, 5, 0.95, 46274, 89
1788, 0, 19, 21, 12, 1, 37.24%, 0, 7, 5, 4.79, 46308, 89
1794, 0, 19, 21, 12, 1, 37.24%, 0, 7, 5, 0.50, 46335, 89
1800, 0, 19, 21, 12, 1, 37.24%, 0, 7, 5, 1.01, 46364, 89
1807, 0, 19, 21, 12, 1, 37.24%, 0, 7, 5, 4.98, 46441, 89
1813, 0, 19, 21, 12, 1, 37.24%, 0, 7, 5, 5.19, 46456, 89
1819, 0, 19, 21, 12, 1, 37.24%, 0, 7, 5, 1.01, 46463, 89
1825, 0, 19, 21, 12, 1, 37.24%, 0, 7, 5, 1.10, 46472, 89
1831, 0, 19, 21, 12, 1, 37.24%, 0, 7, 5, 1.24, 46484, 89
1838, 0, 19, 21, 12, 1, 37.24%, 0, 7, 5, 1.14, 46488, 89
1844, 0, 19, 21, 12, 1, 37.24%, 0, 7, 5, 1.06, 46492, 89
1850, 0, 19, 21, 12, 1, 37.24%, 0, 7, 5, 1.16, 46502, 89
1856, 0, 19, 21, 12, 1, 37.24%, 0, 7, 5, 1.29, 46514, 89
1862, 0, 19, 21, 12, 1, 37.24%, 0, 7, 5, 1.23, 46520, 89
1868, 0, 19, 21, 12, 1, 37.24%, 0, 7, 5, 1.27, 46529, 89
1874, 0, 19, 21, 12, 1, 37.24%, 0, 7, 5, 1.28, 46537, 89
1880, 0, 19, 21, 12, 1, 37.24%, 0, 7, 5, 1.45, 46551, 89
1886, 0, 19, 21, 12, 1, 37.24%, 0, 7, 5, 1.57, 46564, 89
1892, 0, 19, 21, 12, 1, 37.24%, 0, 7, 5, 6.42, 46679, 89
1898, 0, 19, 21, 12, 1, 37.24%, 0, 7, 5, 0.59, 46689, 89
1904, 0, 19, 21, 12, 1, 37.24%, 0, 7, 5, 3.69, 46708, 89
1910, 0, 19, 21, 12, 1, 37.24%, 0, 7, 5, 5.61, 46748, 89
1916, 0, 19, 21, 12, 1, 37.24%, 0, 7, 5, 5.35, 46888, 89
1922, 0, 19, 21, 12, 1, 37.24%, 0, 7, 5, 4.64, 46896, 89
1928, 0, 19, 21, 12, 1, 37.24%, 0, 7, 5, 4.26, 46911, 89
1935, 0, 19, 21, 12, 1, 37.24%, 0, 7, 5, 4.06, 46930, 89
1941, 0, 19, 21, 12, 1, 37.24%, 0, 7, 5, 3.86, 46946, 89
1947, 0, 19, 21, 12, 1, 37.24%, 0, 7, 5, 3.81, 46968, 89
1954, 0, 3, 21, 11, 0, 37.24%, 0, 7, 5, 5.18, 47025, 89
1960, 0, 3, 21, 11, 0, 37.24%, 0, 7, 5, 5.21, 47084, 89
1967, 0, 3, 21, 11, 0, 37.24%, 0, 7, 5, 6.62, 47191, 89
1972, 0, 3, 21, 11, 0, 37.24%, 0, 7, 5, 100.96, 47296, 89
1979, 0, 3, 21, 11, 0, 37.24%, 0, 7, 5, 1.48, 47345, 89
1986, 0, 3, 21, 11, 0, 37.24%, 0, 7, 5, 4.67, 47441, 89
1991, 0, 11, 21, 11, 0, 37.24%, 0, 7, 5, 2.44, 47540, 89
1996, 0, 11, 21, 11, 0, 37.24%, 0, 7, 5, 8.39, 47676, 89
2003, 0, 11, 21, 11, 0, 37.24%, 0, 7, 5, 1.92, 47751, 89
2010, 0, 11, 21, 11, 0, 37.24%, 0, 7, 5, 0.50, 47827, 89
2016, 0, 11, 21, 11, 0, 37.24%, 0, 7, 5, 0.50, 47841, 89
2023, 0, 11, 21, 11, 0, 37.24%, 0, 7, 5, 9.36, 47897, 89
2029, 0, 11, 21, 11, 0, 37.24%, 0, 7, 5, 2.91, 47934, 89
2034, 0, 11, 21, 11, 0, 37.24%, 0, 7, 5, 9.55, 48036, 89
2040, 0, 11, 21, 11, 0, 37.24%, 0, 7, 5, 1.93, 48067, 89
2047, 0, 11, 21, 11, 0, 37.24%, 0, 7, 5, 1.84, 48076, 89
2053, 0, 11, 21, 11, 0, 37.24%, 0, 7, 5, 3.32, 48126, 89
2058, 0, 11, 21, 11, 0, 37.24%, 0, 8, 5, 84.91, 48210, 89
2065, 0, 3, 21, 11, 0, 37.24%, 0, 8, 5, 4.12, 48287, 89
2072, 0, 3, 21, 11, 0, 37.24%, 0, 8, 5, 3.56, 48338, 89
2079, 0, 3, 21, 11, 0, 37.24%, 0, 8, 5, 4.37, 48393, 89
2084, 0, 3, 21, 11, 0, 37.24%, 0, 8, 5, 98.04, 48488, 89
2090, 0, 19, 21, 11, 0, 37.24%, 0, 8, 5, 1.58, 48516, 89
2096, 0, 19, 21, 11, 0, 37.24%, 0, 8, 5, 1.65, 48528, 89
2102, 0, 19, 21, 11, 0, 37.24%, 0, 8, 5, 1.93, 48549, 89
2109, 0, 19, 21, 11, 0, 37.24%, 0, 8, 5, 2.96, 48590, 89
2115, 0, 19, 21, 11, 0, 37.24%, 0, 8, 5, 3.04, 48611, 89
2121, 0, 19, 21, 11, 0, 37.24%, 0, 8, 5, 3.18, 48635, 89
2128, 0, 19, 21, 11, 0, 37.24%, 0, 8, 5, 3.10, 48652, 89
2134, 0, 19, 21, 11, 0, 37.24%, 0, 8, 5, 0.50, 48664, 89
2140, 0, 19, 21, 11, 0, 37.24%, 0, 8, 5, 0.99, 48715, 89
2147, 0, 19, 21, 11, 0, 37.24%, 0, 8, 5, 3.95, 48764, 89
2153, 0, 19, 21, 11, 0, 37.24%, 0, 8, 5, 2.89, 48777, 89
2159, 0, 19, 21, 11, 0, 37.24%, 0, 8, 5, 3.11, 48803, 89
2165, 0, 19, 21, 11, 0, 37.24%, 0, 8, 5, 4.34, 48822, 89
2172, 0, 19, 21, 11, 0, 37.24%, 0, 8, 5, 4.44, 48854, 89
2178, 0, 19, 21, 11, 0, 37.24%, 0, 8, 5, 3.94, 48864, 89
2184, 0, 19, 21, 11, 0, 37.24%, 0, 8, 5, 1.47, 48889, 89
2191, 0, 19, 21, 11, 0, 37.24%, 0, 8, 5, 2.62, 48935, 89
2197, 0, 19, 21, 11, 0, 37.24%, 0, 8, 5, 1.47, 48984, 89
2204, 0, 19, 21, 11, 0, 37.24%, 0, 8, 5, 2.33, 49018, 89
2210, 0, 19, 21, 11, 0, 37.24%, 0, 8, 5, 3.23, 49054, 89
2217, 0, 19, 21, 11, 0, 37.24%, 0, 8, 5, 7.39, 49102, 89
2223, 0, 19, 21, 11, 0, 37.24%, 0, 8, 5, 1.47, 49143, 89
2230, 0, 19, 21, 11, 0, 37.24%, 0, 8, 5, 1.59, 49157, 89
2236, 0, 19, 21, 11, 0, 37.24%, 0, 8, 5, 1.18, 49191, 89
2243, 0, 19, 21, 11, 0, 37.24%, 0, 8, 5, 8.33, 49270, 89
2367, 0, 19, 21, 11, 0, 37.24%, 0, 8, 5, 0.01, 49283, 89
2374, 0, 19, 21, 11, 0, 37.24%, 0, 8, 5, 1.35, 49337, 89
2380, 0, 19, 21, 11, 0, 37.24%, 0, 8, 5, 6.53, 49368, 89
2386, 0, 19, 21, 11, 0, 37.24%, 0, 8, 5, 0.99, 49384, 89
2393, 0, 19, 21, 11, 0, 37.24%, 0, 8, 5, 3.84, 49432, 89
2399, 0, 19, 21, 11, 0, 37.24%, 0, 8, 5, 2.79, 49475, 89
2406, 0, 19, 21, 11, 0, 37.24%, 0, 8, 5, 1.67, 49504, 89
2412, 0, 19, 21, 11, 0, 37.24%, 0, 8, 5, 8.65, 49539, 89
2419, 0, 19, 21, 11, 0, 37.24%, 0, 8, 5, 8.02, 49571, 89
2425, 0, 19, 21, 11, 0, 37.24%, 0, 8, 5, 1.53, 49582, 89
2431, 0, 19, 21, 11, 0, 37.24%, 0, 8, 5, 3.90, 49618, 89
2437, 0, 19, 21, 11, 0, 37.24%, 0, 8, 5, 4.02, 49647, 89
2444, 0, 19, 21, 11, 0, 37.24%, 0, 8, 5, 1.45, 49685, 89
2450, 0, 19, 21, 11, 0, 37.24%, 0, 8, 5, 1.63, 49700, 89
2456, 0, 19, 21, 11, 0, 37.24%, 0, 8, 5, 1.63, 49710, 89
2463, 0, 19, 21, 11, 0, 37.24%, 0, 8, 5, 1.97, 49757, 89
2469, 0, 19, 21, 11, 0, 37.24%, 0, 8, 5, 5.59, 49805, 89
2475, 0, 19, 21, 11, 0, 37.24%, 0, 8, 5, 5.58, 49840, 89
2482, 0, 19, 21, 11, 0, 37.24%, 0, 8, 5, 5.15, 49883, 89
2488, 0, 19, 21, 11, 0, 37.24%, 0, 8, 5, 1.08, 49906, 89
2495, 0, 19, 21, 11, 0, 37.24%, 0, 8, 5, 10.40, 49944, 89
2501, 0, 19, 21, 11, 0, 37.24%, 0, 8, 5, 3.40, 49958, 89
2507, 0, 19, 21, 11, 0, 37.24%, 0, 8, 5, 4.05, 50004, 89
2514, 0, 19, 21, 11, 0, 37.24%, 0, 8, 5, 1.53, 50038, 89
2520, 0, 19, 21, 11, 0, 37.24%, 0, 8, 5, 1.93, 50072, 89
2526, 0, 19, 21, 11, 0, 37.24%, 0, 8, 5, 2.45, 50104, 89
2532, 0, 19, 21, 11, 0, 37.24%, 0, 8, 5, 2.28, 50113, 89
2539, 0, 19, 21, 11, 0, 37.24%, 0, 8, 5, 1.95, 50197, 89
2546, 0, 19, 21, 11, 0, 37.24%, 0, 8, 5, 3.67, 50259, 89
2552, 0, 19, 21, 11, 0, 37.24%, 0, 8, 5, 0.50, 50277, 89
2558, 0, 19, 21, 11, 0, 37.24%, 0, 8, 5, 3.35, 50297, 89
2565, 0, 19, 21, 11, 0, 37.24%, 0, 8, 5, 3.43, 50321, 89
2571, 0, 19, 21, 11, 0, 37.24%, 0, 8, 5, 9.14, 50347, 89
2577, 0, 19, 21, 11, 0, 37.24%, 0, 8, 5, 4.78, 50373, 89
2583, 0, 19, 21, 11, 0, 37.24%, 0, 8, 5, 4.66, 50399, 89
2590, 0, 19, 21, 11, 0, 37.24%, 0, 8, 5, 2.07, 50473, 89
2597, 0, 19, 21, 11, 0, 37.24%, 0, 8, 5, 2.55, 50503, 89
2603, 0, 19, 21, 11, 0, 37.24%, 0, 8, 5, 0.49, 50557, 89
2610, 0, 19, 21, 11, 0, 37.24%, 0, 8, 5, 2.79, 50602, 89
2616, 0, 19, 21, 11, 0, 37.24%, 0, 8, 5, 2.75, 50619, 89
2622, 0, 19, 21, 11, 0, 37.24%, 0, 8, 5, 3.00, 50646, 89
2629, 0, 19, 21, 11, 0, 37.24%, 0, 8, 5, 4.81, 50690, 89
2635, 0, 19, 21, 11, 0, 37.24%, 0, 8, 5, 1.45, 50713, 89
2641, 0, 19, 21, 11, 0, 37.24%, 0, 8, 5, 1.69, 50731, 89
2648, 0, 19, 21, 11, 0, 37.24%, 0, 8, 5, 1.58, 50764, 89
2654, 0, 19, 21, 11, 0, 37.24%, 0, 8, 5, 4.29, 50803, 89
2661, 0, 19, 21, 11, 0, 37.24%, 0, 8, 5, 5.92, 50854, 89
2666, 0, 19, 21, 11, 0, 37.24%, 0, 8, 5, 2.92, 50946, 89
2673, 0, 19, 21, 11, 0, 37.24%, 0, 8, 5, 6.27, 51000, 89
2679, 0, 19, 21, 11, 0, 37.24%, 0, 8, 5, 1.91, 51163, 89
2685, 0, 19, 21, 11, 0, 37.24%, 0, 8, 5, 2.25, 51188, 89
2692, 0, 19, 21, 11, 0, 37.24%, 0, 8, 5, 4.72, 51245, 89
2698, 0, 19, 21, 11, 0, 37.24%, 0, 8, 5, 4.29, 51260, 89
2704, 0, 19, 21, 11, 0, 37.24%, 0, 8, 5, 4.69, 51276, 89
2711, 0, 19, 21, 11, 0, 37.24%, 0, 8, 5, 8.41, 51342, 89
2718, 0, 19, 21, 11, 0, 37.24%, 0, 8, 5, 2.43, 51386, 89
2723, 0, 19, 21, 11, 0, 37.24%, 0, 8, 5, 72.90, 51478, 89
2728, 0, 19, 21, 11, 0, 37.24%, 0, 8, 5, 4.76, 51628, 89
2733, 0, 19, 21, 11, 0, 37.24%, 0, 8, 5, 83.55, 51858, 89
2739, 0, 19, 21, 11, 0, 37.24%, 0, 8, 5, 0.49, 52085, 89
2744, 0, 19, 21, 11, 0, 37.24%, 0, 8, 5, 0.50, 52214, 89
2750, 0, 19, 21, 11, 0, 37.24%, 0, 8, 5, 101.57, 52306, 89
2756, 0, 19, 21, 11, 0, 37.24%, 0, 8, 5, 0.50, 52319, 89
2762, 0, 19, 21, 11, 0, 37.24%, 0, 8, 5, 2.68, 52329, 89
2768, 0, 19, 21, 11, 0, 37.24%, 0, 8, 5, 3.02, 52359, 89
2774, 0, 19, 21, 11, 0, 37.24%, 0, 8, 5, 2.82, 52383, 89
2781, 0, 19, 21, 11, 0, 37.24%, 0, 8, 5, 0.50, 52414, 89
2787, 0, 19, 21, 11, 0, 37.24%, 0, 8, 5, 3.38, 52424, 89
2793, 0, 19, 21, 11, 0, 37.24%, 0, 8, 5, 3.34, 52445, 89
2799, 0, 19, 21, 11, 0, 37.24%, 0, 8, 5, 3.31, 52465, 89
2805, 0, 19, 21, 11, 0, 37.24%, 0, 8, 5, 3.26, 52484, 89
2812, 0, 19, 21, 11, 0, 37.24%, 0, 8, 5, 3.58, 52516, 89
2818, 0, 19, 21, 11, 0, 37.24%, 0, 8, 5, 3.61, 52539, 89
2824, 0, 19, 21, 11, 0, 37.24%, 0, 8, 5, 3.23, 52548, 89
2830, 0, 19, 21, 11, 0, 37.24%, 0, 8, 5, 3.06, 52562, 89
2836, 0, 19, 21, 11, 0, 37.24%, 0, 8, 5, 0.50, 52576, 89
2843, 0, 19, 21, 11, 0, 37.24%, 0, 8, 5, 0.81, 52590, 89
2849, 0, 19, 21, 11, 0, 37.24%, 0, 8, 5, 5.06, 52607, 89
2856, 0, 19, 21, 11, 0, 37.24%, 0, 8, 5, 4.31, 52691, 89
2861, 0, 19, 21, 11, 0, 37.24%, 0, 8, 5, 76.37, 52781, 89
2866, 0, 19, 21, 11, 0, 37.24%, 0, 8, 5, 5.97, 52920, 89
2871, 0, 19, 21, 11, 0, 37.24%, 0, 8, 5, 10.46, 53020, 89
2878, 0, 19, 21, 11, 0, 37.24%, 0, 8, 5, 1.45, 53194, 89
2884, 0, 19, 21, 11, 0, 37.24%, 0, 8, 5, 0.50, 53224, 89
2891, 0, 19, 21, 11, 0, 37.24%, 0, 8, 5, 0.98, 53285, 89
2898, 0, 19, 21, 11, 0, 37.24%, 0, 8, 5, 9.63, 53383, 89
2905, 0, 19, 21, 11, 0, 37.24%, 0, 8, 5, 4.87, 53443, 89
2910, 0, 19, 21, 11, 0, 37.24%, 0, 8, 5, 75.10, 53534, 89
2915, 0, 19, 22, 12, 0, 37.24%, 0, 8, 5, 83.72, 53627, 89
2920, 0, 19, 22, 12, 0, 37.24%, 0, 8, 5, 1.47, 53720, 89
2927, 0, 19, 22, 12, 0, 37.24%, 0, 8, 5, 8.71, 53816, 89
2934, 0, 19, 22, 12, 0, 37.24%, 0, 8, 5, 1.48, 53855, 89
2940, 0, 19, 22, 12, 0, 37.24%, 0, 8, 5, 0.97, 53882, 89
2947, 0, 19, 22, 12, 0, 37.24%, 0, 8, 5, 5.23, 53971, 89
2954, 0, 19, 22, 12, 0, 37.24%, 0, 8, 5, 5.03, 54036, 89
2960, 0, 19, 22, 12, 0, 37.24%, 0, 8, 5, 1.44, 54347, 89
2966, 0, 19, 22, 12, 0, 37.24%, 0, 8, 5, 0.50, 54385, 89
2973, 0, 19, 22, 12, 0, 37.24%, 0, 8, 5, 1.90, 54406, 89
2979, 0, 19, 22, 12, 0, 37.24%, 0, 8, 5, 1.98, 54421, 89
2985, 0, 19, 22, 12, 0, 37.24%, 0, 8, 5, 1.97, 54433, 89
2991, 0, 19, 23, 13, 0, 37.24%, 0, 8, 5, 0.98, 54459, 89
2998, 0, 19, 23, 13, 0, 37.24%, 0, 8, 5, 1.29, 54476, 89
3004, 0, 19, 23, 13, 0, 37.24%, 0, 8, 5, 1.59, 54495, 89
3010, 0, 19, 23, 13, 0, 37.24%, 0, 8, 5, 7.87, 54530, 89
3016, 0, 19, 23, 13, 0, 37.24%, 0, 8, 5, 6.88, 54544, 89
3022, 0, 19, 23, 13, 0, 37.24%, 0, 8, 5, 0.99, 54557, 89
3029, 0, 19, 23, 13, 0, 37.24%, 0, 8, 5, 1.24, 54572, 89
3035, 0, 19, 23, 13, 0, 37.24%, 0, 8, 5, 1.47, 54588, 89
3041, 0, 19, 23, 13, 0, 37.24%, 0, 8, 5, 1.67, 54604, 89
3047, 0, 19, 23, 13, 0, 37.24%, 0, 8, 5, 1.92, 54623, 89
3053, 0, 19, 23, 13, 0, 37.24%, 0, 8, 5, 2.60, 54660, 89
3060, 0, 19, 23, 13, 0, 37.24%, 0, 8, 5, 3.54, 54692, 89
3066, 0, 19, 23, 13, 0, 37.24%, 0, 8, 5, 3.54, 54714, 89
3073, 0, 19, 23, 13, 0, 37.24%, 0, 8, 5, 1.45, 54751, 89
3079, 0, 19, 23, 13, 0, 37.24%, 0, 8, 5, 7.70, 54772, 89
3085, 0, 19, 23, 13, 0, 37.24%, 0, 8, 5, 0.96, 54777, 89
3091, 0, 19, 23, 13, 0, 37.24%, 0, 8, 5, 1.17, 54790, 89
3097, 0, 19, 23, 13, 0, 37.24%, 0, 8, 5, 6.83, 54820, 89
3104, 0, 19, 23, 13, 0, 37.24%, 0, 8, 5, 8.18, 54847, 89
3110, 0, 19, 23, 13, 0, 37.24%, 0, 8, 5, 1.42, 54861, 89
3116, 0, 19, 23, 13, 0, 37.24%, 0, 8, 5, 1.54, 54875, 89
3122, 0, 19, 23, 13, 0, 37.24%, 0, 8, 5, 1.45, 54881, 89
3128, 0, 19, 23, 13, 0, 37.24%, 0, 8, 5, 1.77, 54901, 89
3134, 0, 19, 23, 13, 0, 37.24%, 0, 8, 5, 1.91, 54917, 89
3141, 0, 19, 23, 13, 0, 37.24%, 0, 8, 5, 6.81, 54953, 89
3147, 0, 19, 23, 13, 0, 37.24%, 0, 8, 5, 3.84, 54966, 89
3154, 0, 19, 23, 13, 0, 37.24%, 0, 8, 5, 1.63, 55017, 89
3160, 0, 19, 23, 13, 0, 37.24%, 0, 8, 5, 2.40, 55056, 89
3166, 0, 19, 23, 13, 0, 37.24%, 0, 8, 5, 2.48, 55074, 89
3173, 0, 19, 23, 13, 0, 37.24%, 0, 8, 5, 5.64, 55109, 89
3179, 0, 19, 23, 13, 0, 37.24%, 0, 8, 5, 4.93, 55126, 89
3185, 0, 19, 23, 13, 0, 37.24%, 0, 8, 5, 4.30, 55152, 89
3191, 0, 19, 23, 13, 0, 37.24%, 0, 8, 5, 3.83, 55162, 89
3197, 0, 19, 23, 13, 0, 37.24%, 0, 8, 5, 0.59, 55170, 89
3204, 0, 19, 23, 13, 0, 37.24%, 0, 8, 5, 4.21, 55207, 89
3210, 0, 19, 23, 13, 0, 37.24%, 0, 8, 5, 4.45, 55242, 89
3216, 0, 19, 23, 13, 0, 37.24%, 0, 8, 5, 4.42, 55269, 89
3222, 0, 19, 23, 13, 0, 37.24%, 0, 8, 5, 4.04, 55283, 89
3229, 0, 19, 23, 13, 0, 37.24%, 0, 8, 5, 3.83, 55300, 89
3235, 0, 19, 23, 13, 0, 37.24%, 0, 8, 5, 1.52, 55324, 89
3241, 0, 19, 23, 13, 0, 37.24%, 0, 8, 5, 2.88, 55363, 89
3247, 0, 19, 23, 13, 0, 37.24%, 0, 8, 5, 2.72, 55375, 89
3254, 0, 19, 23, 13, 0, 37.24%, 0, 8, 5, 0.50, 55383, 89
3260, 0, 19, 23, 13, 0, 37.24%, 0, 8, 5, 4.64, 55422, 89
3266, 0, 19, 23, 13, 0, 37.24%, 0, 8, 5, 0.59, 55429, 89
3272, 0, 19, 23, 13, 0, 37.24%, 0, 8, 5, 3.34, 55449, 89
3279, 0, 19, 23, 13, 0, 37.24%, 0, 8, 5, 1.39, 55472, 89
3285, 0, 19, 23, 13, 0, 37.24%, 0, 8, 5, 3.08, 55503, 89
3291, 0, 19, 23, 13, 0, 37.24%, 0, 8, 5, 5.68, 55543, 89
3298, 0, 19, 23, 13, 0, 37.24%, 0, 8, 5, 0.50, 55569, 89
3303, 0, 19, 23, 13, 0, 37.24%, 0, 8, 5, 5.13, 55682, 89
3310, 0, 19, 23, 13, 0, 37.24%, 0, 8, 5, 4.99, 55709, 89
3317, 0, 19, 23, 13, 0, 37.24%, 0, 8, 5, 1.48, 55802, 89
3323, 0, 19, 23, 13, 0, 37.24%, 0, 8, 5, 0.50, 55867, 89
3329, 0, 19, 23, 13, 0, 37.24%, 0, 8, 5, 3.69, 55882, 89
3336, 0, 19, 23, 13, 0, 37.24%, 0, 8, 5, 3.91, 55914, 89
3342, 0, 19, 23, 13, 0, 37.24%, 0, 8, 5, 3.97, 55942, 89
3348, 0, 19, 23, 13, 0, 37.24%, 0, 8, 5, 3.70, 55957, 89
3354, 0, 19, 23, 13, 0, 37.24%, 0, 8, 5, 4.78, 55969, 89
3361, 0, 19, 23, 13, 0, 37.24%, 0, 8, 5, 6.59, 56011, 89
3367, 0, 19, 23, 13, 0, 37.24%, 0, 8, 5, 0.55, 56033, 89
3373, 0, 19, 23, 13, 0, 37.24%, 0, 8, 5, 4.33, 56048, 89
3379, 0, 19, 23, 13, 0, 37.24%, 0, 8, 5, 3.89, 56059, 89
3385, 0, 19, 23, 13, 0, 37.24%, 0, 8, 5, 3.65, 56076, 89
3392, 0, 19, 23, 13, 0, 37.24%, 0, 8, 5, 3.68, 56100, 89
3398, 0, 19, 23, 13, 0, 37.24%, 0, 8, 5, 3.84, 56137, 89
3404, 0, 19, 23, 13, 0, 37.24%, 0, 8, 5, 4.12, 56172, 89
3411, 0, 19, 23, 13, 0, 37.24%, 0, 8, 5, 6.09, 56225, 89
3418, 0, 19, 23, 13, 0, 37.24%, 0, 8, 5, 9.43, 56292, 89
3424, 0, 19, 23, 13, 0, 37.24%, 0, 8, 5, 3.38, 56306, 89
3430, 0, 19, 23, 13, 0, 37.24%, 0, 8, 5, 3.05, 56315, 89
3436, 0, 19, 23, 13, 0, 37.24%, 0, 8, 5, 6.61, 56345, 89
3442, 0, 19, 23, 13, 0, 37.24%, 0, 8, 5, 0.50, 56374, 89
3449, 0, 19, 23, 13, 0, 37.24%, 0, 8, 5, 6.75, 56404, 89
8711, 0, 19, 23, 13, 0, 37.24%, 0, 8, 5, 0.00, 56409, 89
8717, 0, 19, 23, 13, 0, 37.24%, 0, 8, 5, 2.56, 56427, 89
8729, 0, 19, 23, 13, 0, 37.24%, 0, 8, 5, 0.08, 56428, 89
8730, 0, 19, 23, 13, 0, 37.24%, 0, 8, 5, 0.00, 56428, 89
